ip=0 [1, 0, 0, 0, 0, 0] addi 3 16 3 [1, 0, 0, 16, 0, 0]
ip=17 [1, 0, 0, 16, 0, 0] addi 2 2 2 [1, 0, 2, 17, 0, 0]
ip=18 [1, 0, 2, 17, 0, 0] mulr 2 2 2 [1, 0, 4, 18, 0, 0]
ip=19 [1, 0, 4, 18, 0, 0] mulr 3 2 2 [1, 0, 76, 19, 0, 0]
ip=20 [1, 0, 76, 19, 0, 0] muli 2 11 2 [1, 0, 836, 20, 0, 0]
ip=21 [1, 0, 836, 20, 0, 0] addi 1 3 1 [1, 3, 836, 21, 0, 0]
ip=22 [1, 3, 836, 21, 0, 0] mulr 1 3 1 [1, 66, 836, 22, 0, 0]
ip=23 [1, 66, 836, 22, 0, 0] addi 1 17 1 [1, 83, 836, 23, 0, 0]
ip=24 [1, 83, 836, 23, 0, 0] addr 2 1 2 [1, 83, 919, 24, 0, 0]
ip=25 [1, 83, 919, 24, 0, 0] addr 3 0 3 [1, 83, 919, 26, 0, 0]
ip=27 [1, 83, 919, 26, 0, 0] setr 3 0 1 [1, 27, 919, 27, 0, 0]
ip=28 [1, 27, 919, 27, 0, 0] mulr 1 3 1 [1, 756, 919, 28, 0, 0]
ip=29 [1, 756, 919, 28, 0, 0] addr 3 1 1 [1, 785, 919, 29, 0, 0]
ip=30 [1, 785, 919, 29, 0, 0] mulr 3 1 1 [1, 23550, 919, 30, 0, 0]
ip=31 [1, 23550, 919, 30, 0, 0] muli 1 14 1 [1, 329700, 919, 31, 0, 0]
ip=32 [1, 329700, 919, 31, 0, 0] mulr 1 3 1 [1, 10550400, 919, 32, 0, 0]
ip=33 [1, 10550400, 919, 32, 0, 0] addr 2 1 2 [1, 10550400, 10551319, 33, 0, 0]
ip=34 [1, 10550400, 10551319, 33, 0, 0] seti 0 8 0 [0, 10550400, 10551319, 34, 0, 0]
ip=35 [0, 10550400, 10551319, 34, 0, 0] seti 0 9 3 [0, 10550400, 10551319, 0, 0, 0]
ip=1 [0, 10550400, 10551319, 0, 0, 0] seti 1 8 4 [0, 10550400, 10551319, 1, 1, 0]
ip=2 [0, 10550400, 10551319, 1, 1, 0] seti 1 4 5 [0, 10550400, 10551319, 2, 1, 1]
ip=3 [0, 10550400, 10551319, 2, 1, 1] mulr 4 5 1 [0, 1, 10551319, 3, 1, 1]
ip=4 [0, 1, 10551319, 3, 1, 1] eqrr 1 2 1 [0, 0, 10551319, 4, 1, 1]
ip=5 [0, 0, 10551319, 4, 1, 1] addr 1 3 3 [0, 0, 10551319, 5, 1, 1]
ip=6 [0, 0, 10551319, 5, 1, 1] addi 3 1 3 [0, 0, 10551319, 7, 1, 1]
ip=8 [0, 0, 10551319, 7, 1, 1] addi 5 1 5 [0, 0, 10551319, 8, 1, 2]
ip=9 [0, 0, 10551319, 8, 1, 2] gtrr 5 2 1 [0, 0, 10551319, 9, 1, 2]
ip=10 [0, 0, 10551319, 9, 1, 2] addr 3 1 3 [0, 0, 10551319, 10, 1, 2]
ip=11 [0, 0, 10551319, 10, 1, 2] seti 2 1 3 [0, 0, 10551319, 2, 1, 2]
ip=3 [0, 0, 10551319, 2, 1, 2] mulr 4 5 1 [0, 2, 10551319, 3, 1, 2]
ip=4 [0, 2, 10551319, 3, 1, 2] eqrr 1 2 1 [0, 0, 10551319, 4, 1, 2]
ip=5 [0, 0, 10551319, 4, 1, 2] addr 1 3 3 [0, 0, 10551319, 5, 1, 2]
ip=6 [0, 0, 10551319, 5, 1, 2] addi 3 1 3 [0, 0, 10551319, 7, 1, 2]
ip=8 [0, 0, 10551319, 7, 1, 2] addi 5 1 5 [0, 0, 10551319, 8, 1, 3]
ip=9 [0, 0, 10551319, 8, 1, 3] gtrr 5 2 1 [0, 0, 10551319, 9, 1, 3]
ip=10 [0, 0, 10551319, 9, 1, 3] addr 3 1 3 [0, 0, 10551319, 10, 1, 3]
ip=11 [0, 0, 10551319, 10, 1, 3] seti 2 1 3 [0, 0, 10551319, 2, 1, 3]
ip=3 [0, 0, 10551319, 2, 1, 3] mulr 4 5 1 [0, 3, 10551319, 3, 1, 3]
ip=4 [0, 3, 10551319, 3, 1, 3] eqrr 1 2 1 [0, 0, 10551319, 4, 1, 3]
ip=5 [0, 0, 10551319, 4, 1, 3] addr 1 3 3 [0, 0, 10551319, 5, 1, 3]
ip=6 [0, 0, 10551319, 5, 1, 3] addi 3 1 3 [0, 0, 10551319, 7, 1, 3]
ip=8 [0, 0, 10551319, 7, 1, 3] addi 5 1 5 [0, 0, 10551319, 8, 1, 4]
ip=9 [0, 0, 10551319, 8, 1, 4] gtrr 5 2 1 [0, 0, 10551319, 9, 1, 4]
ip=10 [0, 0, 10551319, 9, 1, 4] addr 3 1 3 [0, 0, 10551319, 10, 1, 4]
ip=11 [0, 0, 10551319, 10, 1, 4] seti 2 1 3 [0, 0, 10551319, 2, 1, 4]
ip=3 [0, 0, 10551319, 2, 1, 4] mulr 4 5 1 [0, 4, 10551319, 3, 1, 4]
ip=4 [0, 4, 10551319, 3, 1, 4] eqrr 1 2 1 [0, 0, 10551319, 4, 1, 4]
ip=5 [0, 0, 10551319, 4, 1, 4] addr 1 3 3 [0, 0, 10551319, 5, 1, 4]
ip=6 [0, 0, 10551319, 5, 1, 4] addi 3 1 3 [0, 0, 10551319, 7, 1, 4]
ip=8 [0, 0, 10551319, 7, 1, 4] addi 5 1 5 [0, 0, 10551319, 8, 1, 5]
ip=9 [0, 0, 10551319, 8, 1, 5] gtrr 5 2 1 [0, 0, 10551319, 9, 1, 5]
ip=10 [0, 0, 10551319, 9, 1, 5] addr 3 1 3 [0, 0, 10551319, 10, 1, 5]
ip=11 [0, 0, 10551319, 10, 1, 5] seti 2 1 3 [0, 0, 10551319, 2, 1, 5]
ip=3 [0, 0, 10551319, 2, 1, 5] mulr 4 5 1 [0, 5, 10551319, 3, 1, 5]
ip=4 [0, 5, 10551319, 3, 1, 5] eqrr 1 2 1 [0, 0, 10551319, 4, 1, 5]
ip=5 [0, 0, 10551319, 4, 1, 5] addr 1 3 3 [0, 0, 10551319, 5, 1, 5]
ip=6 [0, 0, 10551319, 5, 1, 5] addi 3 1 3 [0, 0, 10551319, 7, 1, 5]
ip=8 [0, 0, 10551319, 7, 1, 5] addi 5 1 5 [0, 0, 10551319, 8, 1, 6]
ip=9 [0, 0, 10551319, 8, 1, 6] gtrr 5 2 1 [0, 0, 10551319, 9, 1, 6]
ip=10 [0, 0, 10551319, 9, 1, 6] addr 3 1 3 [0, 0, 10551319, 10, 1, 6]
ip=11 [0, 0, 10551319, 10, 1, 6] seti 2 1 3 [0, 0, 10551319, 2, 1, 6]
ip=3 [0, 0, 10551319, 2, 1, 6] mulr 4 5 1 [0, 6, 10551319, 3, 1, 6]
ip=4 [0, 6, 10551319, 3, 1, 6] eqrr 1 2 1 [0, 0, 10551319, 4, 1, 6]
ip=5 [0, 0, 10551319, 4, 1, 6] addr 1 3 3 [0, 0, 10551319, 5, 1, 6]
ip=6 [0, 0, 10551319, 5, 1, 6] addi 3 1 3 [0, 0, 10551319, 7, 1, 6]
ip=8 [0, 0, 10551319, 7, 1, 6] addi 5 1 5 [0, 0, 10551319, 8, 1, 7]
ip=9 [0, 0, 10551319, 8, 1, 7] gtrr 5 2 1 [0, 0, 10551319, 9, 1, 7]
ip=10 [0, 0, 10551319, 9, 1, 7] addr 3 1 3 [0, 0, 10551319, 10, 1, 7]
ip=11 [0, 0, 10551319, 10, 1, 7] seti 2 1 3 [0, 0, 10551319, 2, 1, 7]
ip=3 [0, 0, 10551319, 2, 1, 7] mulr 4 5 1 [0, 7, 10551319, 3, 1, 7]
ip=4 [0, 7, 10551319, 3, 1, 7] eqrr 1 2 1 [0, 0, 10551319, 4, 1, 7]
ip=5 [0, 0, 10551319, 4, 1, 7] addr 1 3 3 [0, 0, 10551319, 5, 1, 7]
ip=6 [0, 0, 10551319, 5, 1, 7] addi 3 1 3 [0, 0, 10551319, 7, 1, 7]
ip=8 [0, 0, 10551319, 7, 1, 7] addi 5 1 5 [0, 0, 10551319, 8, 1, 8]
ip=9 [0, 0, 10551319, 8, 1, 8] gtrr 5 2 1 [0, 0, 10551319, 9, 1, 8]
ip=10 [0, 0, 10551319, 9, 1, 8] addr 3 1 3 [0, 0, 10551319, 10, 1, 8]
ip=11 [0, 0, 10551319, 10, 1, 8] seti 2 1 3 [0, 0, 10551319, 2, 1, 8]
ip=3 [0, 0, 10551319, 2, 1, 8] mulr 4 5 1 [0, 8, 10551319, 3, 1, 8]
ip=4 [0, 8, 10551319, 3, 1, 8] eqrr 1 2 1 [0, 0, 10551319, 4, 1, 8]
ip=5 [0, 0, 10551319, 4, 1, 8] addr 1 3 3 [0, 0, 10551319, 5, 1, 8]
ip=6 [0, 0, 10551319, 5, 1, 8] addi 3 1 3 [0, 0, 10551319, 7, 1, 8]
ip=8 [0, 0, 10551319, 7, 1, 8] addi 5 1 5 [0, 0, 10551319, 8, 1, 9]
ip=9 [0, 0, 10551319, 8, 1, 9] gtrr 5 2 1 [0, 0, 10551319, 9, 1, 9]
ip=10 [0, 0, 10551319, 9, 1, 9] addr 3 1 3 [0, 0, 10551319, 10, 1, 9]
ip=11 [0, 0, 10551319, 10, 1, 9] seti 2 1 3 [0, 0, 10551319, 2, 1, 9]
ip=3 [0, 0, 10551319, 2, 1, 9] mulr 4 5 1 [0, 9, 10551319, 3, 1, 9]
ip=4 [0, 9, 10551319, 3, 1, 9] eqrr 1 2 1 [0, 0, 10551319, 4, 1, 9]
ip=5 [0, 0, 10551319, 4, 1, 9] addr 1 3 3 [0, 0, 10551319, 5, 1, 9]
ip=6 [0, 0, 10551319, 5, 1, 9] addi 3 1 3 [0, 0, 10551319, 7, 1, 9]
ip=8 [0, 0, 10551319, 7, 1, 9] addi 5 1 5 [0, 0, 10551319, 8, 1, 10]
ip=9 [0, 0, 10551319, 8, 1, 10] gtrr 5 2 1 [0, 0, 10551319, 9, 1, 10]
ip=10 [0, 0, 10551319, 9, 1, 10] addr 3 1 3 [0, 0, 10551319, 10, 1, 10]
ip=11 [0, 0, 10551319, 10, 1, 10] seti 2 1 3 [0, 0, 10551319, 2, 1, 10]
ip=3 [0, 0, 10551319, 2, 1, 10] mulr 4 5 1 [0, 10, 10551319, 3, 1, 10]
ip=4 [0, 10, 10551319, 3, 1, 10] eqrr 1 2 1 [0, 0, 10551319, 4, 1, 10]
ip=5 [0, 0, 10551319, 4, 1, 10] addr 1 3 3 [0, 0, 10551319, 5, 1, 10]
ip=6 [0, 0, 10551319, 5, 1, 10] addi 3 1 3 [0, 0, 10551319, 7, 1, 10]
ip=8 [0, 0, 10551319, 7, 1, 10] addi 5 1 5 [0, 0, 10551319, 8, 1, 11]
ip=9 [0, 0, 10551319, 8, 1, 11] gtrr 5 2 1 [0, 0, 10551319, 9, 1, 11]
ip=10 [0, 0, 10551319, 9, 1, 11] addr 3 1 3 [0, 0, 10551319, 10, 1, 11]
ip=11 [0, 0, 10551319, 10, 1, 11] seti 2 1 3 [0, 0, 10551319, 2, 1, 11]
ip=3 [0, 0, 10551319, 2, 1, 11] mulr 4 5 1 [0, 11, 10551319, 3, 1, 11]
ip=4 [0, 11, 10551319, 3, 1, 11] eqrr 1 2 1 [0, 0, 10551319, 4, 1, 11]
ip=5 [0, 0, 10551319, 4, 1, 11] addr 1 3 3 [0, 0, 10551319, 5, 1, 11]
ip=6 [0, 0, 10551319, 5, 1, 11] addi 3 1 3 [0, 0, 10551319, 7, 1, 11]
ip=8 [0, 0, 10551319, 7, 1, 11] addi 5 1 5 [0, 0, 10551319, 8, 1, 12]
ip=9 [0, 0, 10551319, 8, 1, 12] gtrr 5 2 1 [0, 0, 10551319, 9, 1, 12]
ip=10 [0, 0, 10551319, 9, 1, 12] addr 3 1 3 [0, 0, 10551319, 10, 1, 12]
ip=11 [0, 0, 10551319, 10, 1, 12] seti 2 1 3 [0, 0, 10551319, 2, 1, 12]
ip=3 [0, 0, 10551319, 2, 1, 12] mulr 4 5 1 [0, 12, 10551319, 3, 1, 12]
ip=4 [0, 12, 10551319, 3, 1, 12] eqrr 1 2 1 [0, 0, 10551319, 4, 1, 12]
ip=5 [0, 0, 10551319, 4, 1, 12] addr 1 3 3 [0, 0, 10551319, 5, 1, 12]
ip=6 [0, 0, 10551319, 5, 1, 12] addi 3 1 3 [0, 0, 10551319, 7, 1, 12]
ip=8 [0, 0, 10551319, 7, 1, 12] addi 5 1 5 [0, 0, 10551319, 8, 1, 13]
ip=9 [0, 0, 10551319, 8, 1, 13] gtrr 5 2 1 [0, 0, 10551319, 9, 1, 13]
ip=10 [0, 0, 10551319, 9, 1, 13] addr 3 1 3 [0, 0, 10551319, 10, 1, 13]
ip=11 [0, 0, 10551319, 10, 1, 13] seti 2 1 3 [0, 0, 10551319, 2, 1, 13]
ip=3 [0, 0, 10551319, 2, 1, 13] mulr 4 5 1 [0, 13, 10551319, 3, 1, 13]
ip=4 [0, 13, 10551319, 3, 1, 13] eqrr 1 2 1 [0, 0, 10551319, 4, 1, 13]
ip=5 [0, 0, 10551319, 4, 1, 13] addr 1 3 3 [0, 0, 10551319, 5, 1, 13]
ip=6 [0, 0, 10551319, 5, 1, 13] addi 3 1 3 [0, 0, 10551319, 7, 1, 13]
ip=8 [0, 0, 10551319, 7, 1, 13] addi 5 1 5 [0, 0, 10551319, 8, 1, 14]
ip=9 [0, 0, 10551319, 8, 1, 14] gtrr 5 2 1 [0, 0, 10551319, 9, 1, 14]
ip=10 [0, 0, 10551319, 9, 1, 14] addr 3 1 3 [0, 0, 10551319, 10, 1, 14]
ip=11 [0, 0, 10551319, 10, 1, 14] seti 2 1 3 [0, 0, 10551319, 2, 1, 14]
ip=3 [0, 0, 10551319, 2, 1, 14] mulr 4 5 1 [0, 14, 10551319, 3, 1, 14]
ip=4 [0, 14, 10551319, 3, 1, 14] eqrr 1 2 1 [0, 0, 10551319, 4, 1, 14]
ip=5 [0, 0, 10551319, 4, 1, 14] addr 1 3 3 [0, 0, 10551319, 5, 1, 14]
ip=6 [0, 0, 10551319, 5, 1, 14] addi 3 1 3 [0, 0, 10551319, 7, 1, 14]
ip=8 [0, 0, 10551319, 7, 1, 14] addi 5 1 5 [0, 0, 10551319, 8, 1, 15]
ip=9 [0, 0, 10551319, 8, 1, 15] gtrr 5 2 1 [0, 0, 10551319, 9, 1, 15]
ip=10 [0, 0, 10551319, 9, 1, 15] addr 3 1 3 [0, 0, 10551319, 10, 1, 15]
ip=11 [0, 0, 10551319, 10, 1, 15] seti 2 1 3 [0, 0, 10551319, 2, 1, 15]
ip=3 [0, 0, 10551319, 2, 1, 15] mulr 4 5 1 [0, 15, 10551319, 3, 1, 15]
ip=4 [0, 15, 10551319, 3, 1, 15] eqrr 1 2 1 [0, 0, 10551319, 4, 1, 15]
ip=5 [0, 0, 10551319, 4, 1, 15] addr 1 3 3 [0, 0, 10551319, 5, 1, 15]
ip=6 [0, 0, 10551319, 5, 1, 15] addi 3 1 3 [0, 0, 10551319, 7, 1, 15]
ip=8 [0, 0, 10551319, 7, 1, 15] addi 5 1 5 [0, 0, 10551319, 8, 1, 16]
ip=9 [0, 0, 10551319, 8, 1, 16] gtrr 5 2 1 [0, 0, 10551319, 9, 1, 16]
ip=10 [0, 0, 10551319, 9, 1, 16] addr 3 1 3 [0, 0, 10551319, 10, 1, 16]
ip=11 [0, 0, 10551319, 10, 1, 16] seti 2 1 3 [0, 0, 10551319, 2, 1, 16]
ip=3 [0, 0, 10551319, 2, 1, 16] mulr 4 5 1 [0, 16, 10551319, 3, 1, 16]
ip=4 [0, 16, 10551319, 3, 1, 16] eqrr 1 2 1 [0, 0, 10551319, 4, 1, 16]
ip=5 [0, 0, 10551319, 4, 1, 16] addr 1 3 3 [0, 0, 10551319, 5, 1, 16]
ip=6 [0, 0, 10551319, 5, 1, 16] addi 3 1 3 [0, 0, 10551319, 7, 1, 16]
ip=8 [0, 0, 10551319, 7, 1, 16] addi 5 1 5 [0, 0, 10551319, 8, 1, 17]
ip=9 [0, 0, 10551319, 8, 1, 17] gtrr 5 2 1 [0, 0, 10551319, 9, 1, 17]
ip=10 [0, 0, 10551319, 9, 1, 17] addr 3 1 3 [0, 0, 10551319, 10, 1, 17]
ip=11 [0, 0, 10551319, 10, 1, 17] seti 2 1 3 [0, 0, 10551319, 2, 1, 17]
ip=3 [0, 0, 10551319, 2, 1, 17] mulr 4 5 1 [0, 17, 10551319, 3, 1, 17]
ip=4 [0, 17, 10551319, 3, 1, 17] eqrr 1 2 1 [0, 0, 10551319, 4, 1, 17]
ip=5 [0, 0, 10551319, 4, 1, 17] addr 1 3 3 [0, 0, 10551319, 5, 1, 17]
ip=6 [0, 0, 10551319, 5, 1, 17] addi 3 1 3 [0, 0, 10551319, 7, 1, 17]
ip=8 [0, 0, 10551319, 7, 1, 17] addi 5 1 5 [0, 0, 10551319, 8, 1, 18]
ip=9 [0, 0, 10551319, 8, 1, 18] gtrr 5 2 1 [0, 0, 10551319, 9, 1, 18]
ip=10 [0, 0, 10551319, 9, 1, 18] addr 3 1 3 [0, 0, 10551319, 10, 1, 18]
ip=11 [0, 0, 10551319, 10, 1, 18] seti 2 1 3 [0, 0, 10551319, 2, 1, 18]
ip=3 [0, 0, 10551319, 2, 1, 18] mulr 4 5 1 [0, 18, 10551319, 3, 1, 18]
ip=4 [0, 18, 10551319, 3, 1, 18] eqrr 1 2 1 [0, 0, 10551319, 4, 1, 18]
ip=5 [0, 0, 10551319, 4, 1, 18] addr 1 3 3 [0, 0, 10551319, 5, 1, 18]
ip=6 [0, 0, 10551319, 5, 1, 18] addi 3 1 3 [0, 0, 10551319, 7, 1, 18]
ip=8 [0, 0, 10551319, 7, 1, 18] addi 5 1 5 [0, 0, 10551319, 8, 1, 19]
ip=9 [0, 0, 10551319, 8, 1, 19] gtrr 5 2 1 [0, 0, 10551319, 9, 1, 19]
ip=10 [0, 0, 10551319, 9, 1, 19] addr 3 1 3 [0, 0, 10551319, 10, 1, 19]
ip=11 [0, 0, 10551319, 10, 1, 19] seti 2 1 3 [0, 0, 10551319, 2, 1, 19]
ip=3 [0, 0, 10551319, 2, 1, 19] mulr 4 5 1 [0, 19, 10551319, 3, 1, 19]
ip=4 [0, 19, 10551319, 3, 1, 19] eqrr 1 2 1 [0, 0, 10551319, 4, 1, 19]
ip=5 [0, 0, 10551319, 4, 1, 19] addr 1 3 3 [0, 0, 10551319, 5, 1, 19]
ip=6 [0, 0, 10551319, 5, 1, 19] addi 3 1 3 [0, 0, 10551319, 7, 1, 19]
ip=8 [0, 0, 10551319, 7, 1, 19] addi 5 1 5 [0, 0, 10551319, 8, 1, 20]
ip=9 [0, 0, 10551319, 8, 1, 20] gtrr 5 2 1 [0, 0, 10551319, 9, 1, 20]
ip=10 [0, 0, 10551319, 9, 1, 20] addr 3 1 3 [0, 0, 10551319, 10, 1, 20]
ip=11 [0, 0, 10551319, 10, 1, 20] seti 2 1 3 [0, 0, 10551319, 2, 1, 20]
ip=3 [0, 0, 10551319, 2, 1, 20] mulr 4 5 1 [0, 20, 10551319, 3, 1, 20]
ip=4 [0, 20, 10551319, 3, 1, 20] eqrr 1 2 1 [0, 0, 10551319, 4, 1, 20]
ip=5 [0, 0, 10551319, 4, 1, 20] addr 1 3 3 [0, 0, 10551319, 5, 1, 20]
ip=6 [0, 0, 10551319, 5, 1, 20] addi 3 1 3 [0, 0, 10551319, 7, 1, 20]
ip=8 [0, 0, 10551319, 7, 1, 20] addi 5 1 5 [0, 0, 10551319, 8, 1, 21]
ip=9 [0, 0, 10551319, 8, 1, 21] gtrr 5 2 1 [0, 0, 10551319, 9, 1, 21]
ip=10 [0, 0, 10551319, 9, 1, 21] addr 3 1 3 [0, 0, 10551319, 10, 1, 21]
ip=11 [0, 0, 10551319, 10, 1, 21] seti 2 1 3 [0, 0, 10551319, 2, 1, 21]
ip=3 [0, 0, 10551319, 2, 1, 21] mulr 4 5 1 [0, 21, 10551319, 3, 1, 21]
ip=4 [0, 21, 10551319, 3, 1, 21] eqrr 1 2 1 [0, 0, 10551319, 4, 1, 21]
ip=5 [0, 0, 10551319, 4, 1, 21] addr 1 3 3 [0, 0, 10551319, 5, 1, 21]
ip=6 [0, 0, 10551319, 5, 1, 21] addi 3 1 3 [0, 0, 10551319, 7, 1, 21]
ip=8 [0, 0, 10551319, 7, 1, 21] addi 5 1 5 [0, 0, 10551319, 8, 1, 22]
ip=9 [0, 0, 10551319, 8, 1, 22] gtrr 5 2 1 [0, 0, 10551319, 9, 1, 22]
ip=10 [0, 0, 10551319, 9, 1, 22] addr 3 1 3 [0, 0, 10551319, 10, 1, 22]
ip=11 [0, 0, 10551319, 10, 1, 22] seti 2 1 3 [0, 0, 10551319, 2, 1, 22]
ip=3 [0, 0, 10551319, 2, 1, 22] mulr 4 5 1 [0, 22, 10551319, 3, 1, 22]
ip=4 [0, 22, 10551319, 3, 1, 22] eqrr 1 2 1 [0, 0, 10551319, 4, 1, 22]
ip=5 [0, 0, 10551319, 4, 1, 22] addr 1 3 3 [0, 0, 10551319, 5, 1, 22]
ip=6 [0, 0, 10551319, 5, 1, 22] addi 3 1 3 [0, 0, 10551319, 7, 1, 22]
ip=8 [0, 0, 10551319, 7, 1, 22] addi 5 1 5 [0, 0, 10551319, 8, 1, 23]
ip=9 [0, 0, 10551319, 8, 1, 23] gtrr 5 2 1 [0, 0, 10551319, 9, 1, 23]
ip=10 [0, 0, 10551319, 9, 1, 23] addr 3 1 3 [0, 0, 10551319, 10, 1, 23]
ip=11 [0, 0, 10551319, 10, 1, 23] seti 2 1 3 [0, 0, 10551319, 2, 1, 23]
ip=3 [0, 0, 10551319, 2, 1, 23] mulr 4 5 1 [0, 23, 10551319, 3, 1, 23]
ip=4 [0, 23, 10551319, 3, 1, 23] eqrr 1 2 1 [0, 0, 10551319, 4, 1, 23]
ip=5 [0, 0, 10551319, 4, 1, 23] addr 1 3 3 [0, 0, 10551319, 5, 1, 23]
ip=6 [0, 0, 10551319, 5, 1, 23] addi 3 1 3 [0, 0, 10551319, 7, 1, 23]
ip=8 [0, 0, 10551319, 7, 1, 23] addi 5 1 5 [0, 0, 10551319, 8, 1, 24]
ip=9 [0, 0, 10551319, 8, 1, 24] gtrr 5 2 1 [0, 0, 10551319, 9, 1, 24]
ip=10 [0, 0, 10551319, 9, 1, 24] addr 3 1 3 [0, 0, 10551319, 10, 1, 24]
ip=11 [0, 0, 10551319, 10, 1, 24] seti 2 1 3 [0, 0, 10551319, 2, 1, 24]
ip=3 [0, 0, 10551319, 2, 1, 24] mulr 4 5 1 [0, 24, 10551319, 3, 1, 24]
ip=4 [0, 24, 10551319, 3, 1, 24] eqrr 1 2 1 [0, 0, 10551319, 4, 1, 24]
ip=5 [0, 0, 10551319, 4, 1, 24] addr 1 3 3 [0, 0, 10551319, 5, 1, 24]
ip=6 [0, 0, 10551319, 5, 1, 24] addi 3 1 3 [0, 0, 10551319, 7, 1, 24]
ip=8 [0, 0, 10551319, 7, 1, 24] addi 5 1 5 [0, 0, 10551319, 8, 1, 25]
ip=9 [0, 0, 10551319, 8, 1, 25] gtrr 5 2 1 [0, 0, 10551319, 9, 1, 25]
ip=10 [0, 0, 10551319, 9, 1, 25] addr 3 1 3 [0, 0, 10551319, 10, 1, 25]
ip=11 [0, 0, 10551319, 10, 1, 25] seti 2 1 3 [0, 0, 10551319, 2, 1, 25]
ip=3 [0, 0, 10551319, 2, 1, 25] mulr 4 5 1 [0, 25, 10551319, 3, 1, 25]
ip=4 [0, 25, 10551319, 3, 1, 25] eqrr 1 2 1 [0, 0, 10551319, 4, 1, 25]
ip=5 [0, 0, 10551319, 4, 1, 25] addr 1 3 3 [0, 0, 10551319, 5, 1, 25]
ip=6 [0, 0, 10551319, 5, 1, 25] addi 3 1 3 [0, 0, 10551319, 7, 1, 25]
ip=8 [0, 0, 10551319, 7, 1, 25] addi 5 1 5 [0, 0, 10551319, 8, 1, 26]
ip=9 [0, 0, 10551319, 8, 1, 26] gtrr 5 2 1 [0, 0, 10551319, 9, 1, 26]
ip=10 [0, 0, 10551319, 9, 1, 26] addr 3 1 3 [0, 0, 10551319, 10, 1, 26]
ip=11 [0, 0, 10551319, 10, 1, 26] seti 2 1 3 [0, 0, 10551319, 2, 1, 26]
ip=3 [0, 0, 10551319, 2, 1, 26] mulr 4 5 1 [0, 26, 10551319, 3, 1, 26]
ip=4 [0, 26, 10551319, 3, 1, 26] eqrr 1 2 1 [0, 0, 10551319, 4, 1, 26]
ip=5 [0, 0, 10551319, 4, 1, 26] addr 1 3 3 [0, 0, 10551319, 5, 1, 26]
ip=6 [0, 0, 10551319, 5, 1, 26] addi 3 1 3 [0, 0, 10551319, 7, 1, 26]
ip=8 [0, 0, 10551319, 7, 1, 26] addi 5 1 5 [0, 0, 10551319, 8, 1, 27]
ip=9 [0, 0, 10551319, 8, 1, 27] gtrr 5 2 1 [0, 0, 10551319, 9, 1, 27]
ip=10 [0, 0, 10551319, 9, 1, 27] addr 3 1 3 [0, 0, 10551319, 10, 1, 27]
ip=11 [0, 0, 10551319, 10, 1, 27] seti 2 1 3 [0, 0, 10551319, 2, 1, 27]
ip=3 [0, 0, 10551319, 2, 1, 27] mulr 4 5 1 [0, 27, 10551319, 3, 1, 27]
ip=4 [0, 27, 10551319, 3, 1, 27] eqrr 1 2 1 [0, 0, 10551319, 4, 1, 27]
ip=5 [0, 0, 10551319, 4, 1, 27] addr 1 3 3 [0, 0, 10551319, 5, 1, 27]
ip=6 [0, 0, 10551319, 5, 1, 27] addi 3 1 3 [0, 0, 10551319, 7, 1, 27]
ip=8 [0, 0, 10551319, 7, 1, 27] addi 5 1 5 [0, 0, 10551319, 8, 1, 28]
ip=9 [0, 0, 10551319, 8, 1, 28] gtrr 5 2 1 [0, 0, 10551319, 9, 1, 28]
ip=10 [0, 0, 10551319, 9, 1, 28] addr 3 1 3 [0, 0, 10551319, 10, 1, 28]
ip=11 [0, 0, 10551319, 10, 1, 28] seti 2 1 3 [0, 0, 10551319, 2, 1, 28]
ip=3 [0, 0, 10551319, 2, 1, 28] mulr 4 5 1 [0, 28, 10551319, 3, 1, 28]
ip=4 [0, 28, 10551319, 3, 1, 28] eqrr 1 2 1 [0, 0, 10551319, 4, 1, 28]
ip=5 [0, 0, 10551319, 4, 1, 28] addr 1 3 3 [0, 0, 10551319, 5, 1, 28]
ip=6 [0, 0, 10551319, 5, 1, 28] addi 3 1 3 [0, 0, 10551319, 7, 1, 28]
ip=8 [0, 0, 10551319, 7, 1, 28] addi 5 1 5 [0, 0, 10551319, 8, 1, 29]
ip=9 [0, 0, 10551319, 8, 1, 29] gtrr 5 2 1 [0, 0, 10551319, 9, 1, 29]
ip=10 [0, 0, 10551319, 9, 1, 29] addr 3 1 3 [0, 0, 10551319, 10, 1, 29]
ip=11 [0, 0, 10551319, 10, 1, 29] seti 2 1 3 [0, 0, 10551319, 2, 1, 29]
ip=3 [0, 0, 10551319, 2, 1, 29] mulr 4 5 1 [0, 29, 10551319, 3, 1, 29]
ip=4 [0, 29, 10551319, 3, 1, 29] eqrr 1 2 1 [0, 0, 10551319, 4, 1, 29]
ip=5 [0, 0, 10551319, 4, 1, 29] addr 1 3 3 [0, 0, 10551319, 5, 1, 29]
ip=6 [0, 0, 10551319, 5, 1, 29] addi 3 1 3 [0, 0, 10551319, 7, 1, 29]
ip=8 [0, 0, 10551319, 7, 1, 29] addi 5 1 5 [0, 0, 10551319, 8, 1, 30]
ip=9 [0, 0, 10551319, 8, 1, 30] gtrr 5 2 1 [0, 0, 10551319, 9, 1, 30]
ip=10 [0, 0, 10551319, 9, 1, 30] addr 3 1 3 [0, 0, 10551319, 10, 1, 30]
ip=11 [0, 0, 10551319, 10, 1, 30] seti 2 1 3 [0, 0, 10551319, 2, 1, 30]
ip=3 [0, 0, 10551319, 2, 1, 30] mulr 4 5 1 [0, 30, 10551319, 3, 1, 30]
ip=4 [0, 30, 10551319, 3, 1, 30] eqrr 1 2 1 [0, 0, 10551319, 4, 1, 30]
ip=5 [0, 0, 10551319, 4, 1, 30] addr 1 3 3 [0, 0, 10551319, 5, 1, 30]
ip=6 [0, 0, 10551319, 5, 1, 30] addi 3 1 3 [0, 0, 10551319, 7, 1, 30]
ip=8 [0, 0, 10551319, 7, 1, 30] addi 5 1 5 [0, 0, 10551319, 8, 1, 31]
ip=9 [0, 0, 10551319, 8, 1, 31] gtrr 5 2 1 [0, 0, 10551319, 9, 1, 31]
ip=10 [0, 0, 10551319, 9, 1, 31] addr 3 1 3 [0, 0, 10551319, 10, 1, 31]
ip=11 [0, 0, 10551319, 10, 1, 31] seti 2 1 3 [0, 0, 10551319, 2, 1, 31]
ip=3 [0, 0, 10551319, 2, 1, 31] mulr 4 5 1 [0, 31, 10551319, 3, 1, 31]
ip=4 [0, 31, 10551319, 3, 1, 31] eqrr 1 2 1 [0, 0, 10551319, 4, 1, 31]
ip=5 [0, 0, 10551319, 4, 1, 31] addr 1 3 3 [0, 0, 10551319, 5, 1, 31]
ip=6 [0, 0, 10551319, 5, 1, 31] addi 3 1 3 [0, 0, 10551319, 7, 1, 31]
ip=8 [0, 0, 10551319, 7, 1, 31] addi 5 1 5 [0, 0, 10551319, 8, 1, 32]
ip=9 [0, 0, 10551319, 8, 1, 32] gtrr 5 2 1 [0, 0, 10551319, 9, 1, 32]
ip=10 [0, 0, 10551319, 9, 1, 32] addr 3 1 3 [0, 0, 10551319, 10, 1, 32]
ip=11 [0, 0, 10551319, 10, 1, 32] seti 2 1 3 [0, 0, 10551319, 2, 1, 32]
ip=3 [0, 0, 10551319, 2, 1, 32] mulr 4 5 1 [0, 32, 10551319, 3, 1, 32]
ip=4 [0, 32, 10551319, 3, 1, 32] eqrr 1 2 1 [0, 0, 10551319, 4, 1, 32]
ip=5 [0, 0, 10551319, 4, 1, 32] addr 1 3 3 [0, 0, 10551319, 5, 1, 32]
ip=6 [0, 0, 10551319, 5, 1, 32] addi 3 1 3 [0, 0, 10551319, 7, 1, 32]
ip=8 [0, 0, 10551319, 7, 1, 32] addi 5 1 5 [0, 0, 10551319, 8, 1, 33]
ip=9 [0, 0, 10551319, 8, 1, 33] gtrr 5 2 1 [0, 0, 10551319, 9, 1, 33]
ip=10 [0, 0, 10551319, 9, 1, 33] addr 3 1 3 [0, 0, 10551319, 10, 1, 33]
ip=11 [0, 0, 10551319, 10, 1, 33] seti 2 1 3 [0, 0, 10551319, 2, 1, 33]
ip=3 [0, 0, 10551319, 2, 1, 33] mulr 4 5 1 [0, 33, 10551319, 3, 1, 33]
ip=4 [0, 33, 10551319, 3, 1, 33] eqrr 1 2 1 [0, 0, 10551319, 4, 1, 33]
ip=5 [0, 0, 10551319, 4, 1, 33] addr 1 3 3 [0, 0, 10551319, 5, 1, 33]
ip=6 [0, 0, 10551319, 5, 1, 33] addi 3 1 3 [0, 0, 10551319, 7, 1, 33]
ip=8 [0, 0, 10551319, 7, 1, 33] addi 5 1 5 [0, 0, 10551319, 8, 1, 34]
ip=9 [0, 0, 10551319, 8, 1, 34] gtrr 5 2 1 [0, 0, 10551319, 9, 1, 34]
ip=10 [0, 0, 10551319, 9, 1, 34] addr 3 1 3 [0, 0, 10551319, 10, 1, 34]
ip=11 [0, 0, 10551319, 10, 1, 34] seti 2 1 3 [0, 0, 10551319, 2, 1, 34]
ip=3 [0, 0, 10551319, 2, 1, 34] mulr 4 5 1 [0, 34, 10551319, 3, 1, 34]
ip=4 [0, 34, 10551319, 3, 1, 34] eqrr 1 2 1 [0, 0, 10551319, 4, 1, 34]
ip=5 [0, 0, 10551319, 4, 1, 34] addr 1 3 3 [0, 0, 10551319, 5, 1, 34]
ip=6 [0, 0, 10551319, 5, 1, 34] addi 3 1 3 [0, 0, 10551319, 7, 1, 34]
ip=8 [0, 0, 10551319, 7, 1, 34] addi 5 1 5 [0, 0, 10551319, 8, 1, 35]
ip=9 [0, 0, 10551319, 8, 1, 35] gtrr 5 2 1 [0, 0, 10551319, 9, 1, 35]
ip=10 [0, 0, 10551319, 9, 1, 35] addr 3 1 3 [0, 0, 10551319, 10, 1, 35]
ip=11 [0, 0, 10551319, 10, 1, 35] seti 2 1 3 [0, 0, 10551319, 2, 1, 35]
ip=3 [0, 0, 10551319, 2, 1, 35] mulr 4 5 1 [0, 35, 10551319, 3, 1, 35]
ip=4 [0, 35, 10551319, 3, 1, 35] eqrr 1 2 1 [0, 0, 10551319, 4, 1, 35]
ip=5 [0, 0, 10551319, 4, 1, 35] addr 1 3 3 [0, 0, 10551319, 5, 1, 35]
ip=6 [0, 0, 10551319, 5, 1, 35] addi 3 1 3 [0, 0, 10551319, 7, 1, 35]
ip=8 [0, 0, 10551319, 7, 1, 35] addi 5 1 5 [0, 0, 10551319, 8, 1, 36]
ip=9 [0, 0, 10551319, 8, 1, 36] gtrr 5 2 1 [0, 0, 10551319, 9, 1, 36]
ip=10 [0, 0, 10551319, 9, 1, 36] addr 3 1 3 [0, 0, 10551319, 10, 1, 36]
ip=11 [0, 0, 10551319, 10, 1, 36] seti 2 1 3 [0, 0, 10551319, 2, 1, 36]
ip=3 [0, 0, 10551319, 2, 1, 36] mulr 4 5 1 [0, 36, 10551319, 3, 1, 36]
ip=4 [0, 36, 10551319, 3, 1, 36] eqrr 1 2 1 [0, 0, 10551319, 4, 1, 36]
ip=5 [0, 0, 10551319, 4, 1, 36] addr 1 3 3 [0, 0, 10551319, 5, 1, 36]
ip=6 [0, 0, 10551319, 5, 1, 36] addi 3 1 3 [0, 0, 10551319, 7, 1, 36]
ip=8 [0, 0, 10551319, 7, 1, 36] addi 5 1 5 [0, 0, 10551319, 8, 1, 37]
ip=9 [0, 0, 10551319, 8, 1, 37] gtrr 5 2 1 [0, 0, 10551319, 9, 1, 37]
ip=10 [0, 0, 10551319, 9, 1, 37] addr 3 1 3 [0, 0, 10551319, 10, 1, 37]
ip=11 [0, 0, 10551319, 10, 1, 37] seti 2 1 3 [0, 0, 10551319, 2, 1, 37]
ip=3 [0, 0, 10551319, 2, 1, 37] mulr 4 5 1 [0, 37, 10551319, 3, 1, 37]
ip=4 [0, 37, 10551319, 3, 1, 37] eqrr 1 2 1 [0, 0, 10551319, 4, 1, 37]
ip=5 [0, 0, 10551319, 4, 1, 37] addr 1 3 3 [0, 0, 10551319, 5, 1, 37]
ip=6 [0, 0, 10551319, 5, 1, 37] addi 3 1 3 [0, 0, 10551319, 7, 1, 37]
ip=8 [0, 0, 10551319, 7, 1, 37] addi 5 1 5 [0, 0, 10551319, 8, 1, 38]
ip=9 [0, 0, 10551319, 8, 1, 38] gtrr 5 2 1 [0, 0, 10551319, 9, 1, 38]
ip=10 [0, 0, 10551319, 9, 1, 38] addr 3 1 3 [0, 0, 10551319, 10, 1, 38]
ip=11 [0, 0, 10551319, 10, 1, 38] seti 2 1 3 [0, 0, 10551319, 2, 1, 38]
ip=3 [0, 0, 10551319, 2, 1, 38] mulr 4 5 1 [0, 38, 10551319, 3, 1, 38]
ip=4 [0, 38, 10551319, 3, 1, 38] eqrr 1 2 1 [0, 0, 10551319, 4, 1, 38]
ip=5 [0, 0, 10551319, 4, 1, 38] addr 1 3 3 [0, 0, 10551319, 5, 1, 38]
ip=6 [0, 0, 10551319, 5, 1, 38] addi 3 1 3 [0, 0, 10551319, 7, 1, 38]
ip=8 [0, 0, 10551319, 7, 1, 38] addi 5 1 5 [0, 0, 10551319, 8, 1, 39]
ip=9 [0, 0, 10551319, 8, 1, 39] gtrr 5 2 1 [0, 0, 10551319, 9, 1, 39]
ip=10 [0, 0, 10551319, 9, 1, 39] addr 3 1 3 [0, 0, 10551319, 10, 1, 39]
ip=11 [0, 0, 10551319, 10, 1, 39] seti 2 1 3 [0, 0, 10551319, 2, 1, 39]
ip=3 [0, 0, 10551319, 2, 1, 39] mulr 4 5 1 [0, 39, 10551319, 3, 1, 39]
ip=4 [0, 39, 10551319, 3, 1, 39] eqrr 1 2 1 [0, 0, 10551319, 4, 1, 39]
ip=5 [0, 0, 10551319, 4, 1, 39] addr 1 3 3 [0, 0, 10551319, 5, 1, 39]
ip=6 [0, 0, 10551319, 5, 1, 39] addi 3 1 3 [0, 0, 10551319, 7, 1, 39]
ip=8 [0, 0, 10551319, 7, 1, 39] addi 5 1 5 [0, 0, 10551319, 8, 1, 40]
ip=9 [0, 0, 10551319, 8, 1, 40] gtrr 5 2 1 [0, 0, 10551319, 9, 1, 40]
ip=10 [0, 0, 10551319, 9, 1, 40] addr 3 1 3 [0, 0, 10551319, 10, 1, 40]
ip=11 [0, 0, 10551319, 10, 1, 40] seti 2 1 3 [0, 0, 10551319, 2, 1, 40]
ip=3 [0, 0, 10551319, 2, 1, 40] mulr 4 5 1 [0, 40, 10551319, 3, 1, 40]
ip=4 [0, 40, 10551319, 3, 1, 40] eqrr 1 2 1 [0, 0, 10551319, 4, 1, 40]
ip=5 [0, 0, 10551319, 4, 1, 40] addr 1 3 3 [0, 0, 10551319, 5, 1, 40]
ip=6 [0, 0, 10551319, 5, 1, 40] addi 3 1 3 [0, 0, 10551319, 7, 1, 40]
ip=8 [0, 0, 10551319, 7, 1, 40] addi 5 1 5 [0, 0, 10551319, 8, 1, 41]
ip=9 [0, 0, 10551319, 8, 1, 41] gtrr 5 2 1 [0, 0, 10551319, 9, 1, 41]
ip=10 [0, 0, 10551319, 9, 1, 41] addr 3 1 3 [0, 0, 10551319, 10, 1, 41]
ip=11 [0, 0, 10551319, 10, 1, 41] seti 2 1 3 [0, 0, 10551319, 2, 1, 41]
ip=3 [0, 0, 10551319, 2, 1, 41] mulr 4 5 1 [0, 41, 10551319, 3, 1, 41]
ip=4 [0, 41, 10551319, 3, 1, 41] eqrr 1 2 1 [0, 0, 10551319, 4, 1, 41]
ip=5 [0, 0, 10551319, 4, 1, 41] addr 1 3 3 [0, 0, 10551319, 5, 1, 41]
ip=6 [0, 0, 10551319, 5, 1, 41] addi 3 1 3 [0, 0, 10551319, 7, 1, 41]
ip=8 [0, 0, 10551319, 7, 1, 41] addi 5 1 5 [0, 0, 10551319, 8, 1, 42]
ip=9 [0, 0, 10551319, 8, 1, 42] gtrr 5 2 1 [0, 0, 10551319, 9, 1, 42]
ip=10 [0, 0, 10551319, 9, 1, 42] addr 3 1 3 [0, 0, 10551319, 10, 1, 42]
ip=11 [0, 0, 10551319, 10, 1, 42] seti 2 1 3 [0, 0, 10551319, 2, 1, 42]
ip=3 [0, 0, 10551319, 2, 1, 42] mulr 4 5 1 [0, 42, 10551319, 3, 1, 42]
ip=4 [0, 42, 10551319, 3, 1, 42] eqrr 1 2 1 [0, 0, 10551319, 4, 1, 42]
ip=5 [0, 0, 10551319, 4, 1, 42] addr 1 3 3 [0, 0, 10551319, 5, 1, 42]
ip=6 [0, 0, 10551319, 5, 1, 42] addi 3 1 3 [0, 0, 10551319, 7, 1, 42]
ip=8 [0, 0, 10551319, 7, 1, 42] addi 5 1 5 [0, 0, 10551319, 8, 1, 43]
ip=9 [0, 0, 10551319, 8, 1, 43] gtrr 5 2 1 [0, 0, 10551319, 9, 1, 43]
ip=10 [0, 0, 10551319, 9, 1, 43] addr 3 1 3 [0, 0, 10551319, 10, 1, 43]
ip=11 [0, 0, 10551319, 10, 1, 43] seti 2 1 3 [0, 0, 10551319, 2, 1, 43]
ip=3 [0, 0, 10551319, 2, 1, 43] mulr 4 5 1 [0, 43, 10551319, 3, 1, 43]
ip=4 [0, 43, 10551319, 3, 1, 43] eqrr 1 2 1 [0, 0, 10551319, 4, 1, 43]
ip=5 [0, 0, 10551319, 4, 1, 43] addr 1 3 3 [0, 0, 10551319, 5, 1, 43]
ip=6 [0, 0, 10551319, 5, 1, 43] addi 3 1 3 [0, 0, 10551319, 7, 1, 43]
ip=8 [0, 0, 10551319, 7, 1, 43] addi 5 1 5 [0, 0, 10551319, 8, 1, 44]
ip=9 [0, 0, 10551319, 8, 1, 44] gtrr 5 2 1 [0, 0, 10551319, 9, 1, 44]
ip=10 [0, 0, 10551319, 9, 1, 44] addr 3 1 3 [0, 0, 10551319, 10, 1, 44]
ip=11 [0, 0, 10551319, 10, 1, 44] seti 2 1 3 [0, 0, 10551319, 2, 1, 44]
ip=3 [0, 0, 10551319, 2, 1, 44] mulr 4 5 1 [0, 44, 10551319, 3, 1, 44]
ip=4 [0, 44, 10551319, 3, 1, 44] eqrr 1 2 1 [0, 0, 10551319, 4, 1, 44]
ip=5 [0, 0, 10551319, 4, 1, 44] addr 1 3 3 [0, 0, 10551319, 5, 1, 44]
ip=6 [0, 0, 10551319, 5, 1, 44] addi 3 1 3 [0, 0, 10551319, 7, 1, 44]
ip=8 [0, 0, 10551319, 7, 1, 44] addi 5 1 5 [0, 0, 10551319, 8, 1, 45]
ip=9 [0, 0, 10551319, 8, 1, 45] gtrr 5 2 1 [0, 0, 10551319, 9, 1, 45]
ip=10 [0, 0, 10551319, 9, 1, 45] addr 3 1 3 [0, 0, 10551319, 10, 1, 45]
ip=11 [0, 0, 10551319, 10, 1, 45] seti 2 1 3 [0, 0, 10551319, 2, 1, 45]
ip=3 [0, 0, 10551319, 2, 1, 45] mulr 4 5 1 [0, 45, 10551319, 3, 1, 45]
ip=4 [0, 45, 10551319, 3, 1, 45] eqrr 1 2 1 [0, 0, 10551319, 4, 1, 45]
ip=5 [0, 0, 10551319, 4, 1, 45] addr 1 3 3 [0, 0, 10551319, 5, 1, 45]
ip=6 [0, 0, 10551319, 5, 1, 45] addi 3 1 3 [0, 0, 10551319, 7, 1, 45]
ip=8 [0, 0, 10551319, 7, 1, 45] addi 5 1 5 [0, 0, 10551319, 8, 1, 46]
ip=9 [0, 0, 10551319, 8, 1, 46] gtrr 5 2 1 [0, 0, 10551319, 9, 1, 46]
ip=10 [0, 0, 10551319, 9, 1, 46] addr 3 1 3 [0, 0, 10551319, 10, 1, 46]
ip=11 [0, 0, 10551319, 10, 1, 46] seti 2 1 3 [0, 0, 10551319, 2, 1, 46]
ip=3 [0, 0, 10551319, 2, 1, 46] mulr 4 5 1 [0, 46, 10551319, 3, 1, 46]
ip=4 [0, 46, 10551319, 3, 1, 46] eqrr 1 2 1 [0, 0, 10551319, 4, 1, 46]
ip=5 [0, 0, 10551319, 4, 1, 46] addr 1 3 3 [0, 0, 10551319, 5, 1, 46]
ip=6 [0, 0, 10551319, 5, 1, 46] addi 3 1 3 [0, 0, 10551319, 7, 1, 46]
ip=8 [0, 0, 10551319, 7, 1, 46] addi 5 1 5 [0, 0, 10551319, 8, 1, 47]
ip=9 [0, 0, 10551319, 8, 1, 47] gtrr 5 2 1 [0, 0, 10551319, 9, 1, 47]
ip=10 [0, 0, 10551319, 9, 1, 47] addr 3 1 3 [0, 0, 10551319, 10, 1, 47]
ip=11 [0, 0, 10551319, 10, 1, 47] seti 2 1 3 [0, 0, 10551319, 2, 1, 47]
ip=3 [0, 0, 10551319, 2, 1, 47] mulr 4 5 1 [0, 47, 10551319, 3, 1, 47]
ip=4 [0, 47, 10551319, 3, 1, 47] eqrr 1 2 1 [0, 0, 10551319, 4, 1, 47]
ip=5 [0, 0, 10551319, 4, 1, 47] addr 1 3 3 [0, 0, 10551319, 5, 1, 47]
ip=6 [0, 0, 10551319, 5, 1, 47] addi 3 1 3 [0, 0, 10551319, 7, 1, 47]
ip=8 [0, 0, 10551319, 7, 1, 47] addi 5 1 5 [0, 0, 10551319, 8, 1, 48]
ip=9 [0, 0, 10551319, 8, 1, 48] gtrr 5 2 1 [0, 0, 10551319, 9, 1, 48]
ip=10 [0, 0, 10551319, 9, 1, 48] addr 3 1 3 [0, 0, 10551319, 10, 1, 48]
ip=11 [0, 0, 10551319, 10, 1, 48] seti 2 1 3 [0, 0, 10551319, 2, 1, 48]
ip=3 [0, 0, 10551319, 2, 1, 48] mulr 4 5 1 [0, 48, 10551319, 3, 1, 48]
ip=4 [0, 48, 10551319, 3, 1, 48] eqrr 1 2 1 [0, 0, 10551319, 4, 1, 48]
ip=5 [0, 0, 10551319, 4, 1, 48] addr 1 3 3 [0, 0, 10551319, 5, 1, 48]
ip=6 [0, 0, 10551319, 5, 1, 48] addi 3 1 3 [0, 0, 10551319, 7, 1, 48]
ip=8 [0, 0, 10551319, 7, 1, 48] addi 5 1 5 [0, 0, 10551319, 8, 1, 49]
ip=9 [0, 0, 10551319, 8, 1, 49] gtrr 5 2 1 [0, 0, 10551319, 9, 1, 49]
ip=10 [0, 0, 10551319, 9, 1, 49] addr 3 1 3 [0, 0, 10551319, 10, 1, 49]
ip=11 [0, 0, 10551319, 10, 1, 49] seti 2 1 3 [0, 0, 10551319, 2, 1, 49]
ip=3 [0, 0, 10551319, 2, 1, 49] mulr 4 5 1 [0, 49, 10551319, 3, 1, 49]
ip=4 [0, 49, 10551319, 3, 1, 49] eqrr 1 2 1 [0, 0, 10551319, 4, 1, 49]
ip=5 [0, 0, 10551319, 4, 1, 49] addr 1 3 3 [0, 0, 10551319, 5, 1, 49]
ip=6 [0, 0, 10551319, 5, 1, 49] addi 3 1 3 [0, 0, 10551319, 7, 1, 49]
ip=8 [0, 0, 10551319, 7, 1, 49] addi 5 1 5 [0, 0, 10551319, 8, 1, 50]
ip=9 [0, 0, 10551319, 8, 1, 50] gtrr 5 2 1 [0, 0, 10551319, 9, 1, 50]
ip=10 [0, 0, 10551319, 9, 1, 50] addr 3 1 3 [0, 0, 10551319, 10, 1, 50]
ip=11 [0, 0, 10551319, 10, 1, 50] seti 2 1 3 [0, 0, 10551319, 2, 1, 50]
ip=3 [0, 0, 10551319, 2, 1, 50] mulr 4 5 1 [0, 50, 10551319, 3, 1, 50]
ip=4 [0, 50, 10551319, 3, 1, 50] eqrr 1 2 1 [0, 0, 10551319, 4, 1, 50]
ip=5 [0, 0, 10551319, 4, 1, 50] addr 1 3 3 [0, 0, 10551319, 5, 1, 50]
ip=6 [0, 0, 10551319, 5, 1, 50] addi 3 1 3 [0, 0, 10551319, 7, 1, 50]
ip=8 [0, 0, 10551319, 7, 1, 50] addi 5 1 5 [0, 0, 10551319, 8, 1, 51]
ip=9 [0, 0, 10551319, 8, 1, 51] gtrr 5 2 1 [0, 0, 10551319, 9, 1, 51]
ip=10 [0, 0, 10551319, 9, 1, 51] addr 3 1 3 [0, 0, 10551319, 10, 1, 51]
ip=11 [0, 0, 10551319, 10, 1, 51] seti 2 1 3 [0, 0, 10551319, 2, 1, 51]
ip=3 [0, 0, 10551319, 2, 1, 51] mulr 4 5 1 [0, 51, 10551319, 3, 1, 51]
ip=4 [0, 51, 10551319, 3, 1, 51] eqrr 1 2 1 [0, 0, 10551319, 4, 1, 51]
ip=5 [0, 0, 10551319, 4, 1, 51] addr 1 3 3 [0, 0, 10551319, 5, 1, 51]
ip=6 [0, 0, 10551319, 5, 1, 51] addi 3 1 3 [0, 0, 10551319, 7, 1, 51]
ip=8 [0, 0, 10551319, 7, 1, 51] addi 5 1 5 [0, 0, 10551319, 8, 1, 52]
ip=9 [0, 0, 10551319, 8, 1, 52] gtrr 5 2 1 [0, 0, 10551319, 9, 1, 52]
ip=10 [0, 0, 10551319, 9, 1, 52] addr 3 1 3 [0, 0, 10551319, 10, 1, 52]
ip=11 [0, 0, 10551319, 10, 1, 52] seti 2 1 3 [0, 0, 10551319, 2, 1, 52]
ip=3 [0, 0, 10551319, 2, 1, 52] mulr 4 5 1 [0, 52, 10551319, 3, 1, 52]
ip=4 [0, 52, 10551319, 3, 1, 52] eqrr 1 2 1 [0, 0, 10551319, 4, 1, 52]
ip=5 [0, 0, 10551319, 4, 1, 52] addr 1 3 3 [0, 0, 10551319, 5, 1, 52]
ip=6 [0, 0, 10551319, 5, 1, 52] addi 3 1 3 [0, 0, 10551319, 7, 1, 52]
ip=8 [0, 0, 10551319, 7, 1, 52] addi 5 1 5 [0, 0, 10551319, 8, 1, 53]
ip=9 [0, 0, 10551319, 8, 1, 53] gtrr 5 2 1 [0, 0, 10551319, 9, 1, 53]
ip=10 [0, 0, 10551319, 9, 1, 53] addr 3 1 3 [0, 0, 10551319, 10, 1, 53]
ip=11 [0, 0, 10551319, 10, 1, 53] seti 2 1 3 [0, 0, 10551319, 2, 1, 53]
ip=3 [0, 0, 10551319, 2, 1, 53] mulr 4 5 1 [0, 53, 10551319, 3, 1, 53]
ip=4 [0, 53, 10551319, 3, 1, 53] eqrr 1 2 1 [0, 0, 10551319, 4, 1, 53]
ip=5 [0, 0, 10551319, 4, 1, 53] addr 1 3 3 [0, 0, 10551319, 5, 1, 53]
ip=6 [0, 0, 10551319, 5, 1, 53] addi 3 1 3 [0, 0, 10551319, 7, 1, 53]
ip=8 [0, 0, 10551319, 7, 1, 53] addi 5 1 5 [0, 0, 10551319, 8, 1, 54]
ip=9 [0, 0, 10551319, 8, 1, 54] gtrr 5 2 1 [0, 0, 10551319, 9, 1, 54]
ip=10 [0, 0, 10551319, 9, 1, 54] addr 3 1 3 [0, 0, 10551319, 10, 1, 54]
ip=11 [0, 0, 10551319, 10, 1, 54] seti 2 1 3 [0, 0, 10551319, 2, 1, 54]
ip=3 [0, 0, 10551319, 2, 1, 54] mulr 4 5 1 [0, 54, 10551319, 3, 1, 54]
ip=4 [0, 54, 10551319, 3, 1, 54] eqrr 1 2 1 [0, 0, 10551319, 4, 1, 54]
ip=5 [0, 0, 10551319, 4, 1, 54] addr 1 3 3 [0, 0, 10551319, 5, 1, 54]
ip=6 [0, 0, 10551319, 5, 1, 54] addi 3 1 3 [0, 0, 10551319, 7, 1, 54]
ip=8 [0, 0, 10551319, 7, 1, 54] addi 5 1 5 [0, 0, 10551319, 8, 1, 55]
ip=9 [0, 0, 10551319, 8, 1, 55] gtrr 5 2 1 [0, 0, 10551319, 9, 1, 55]
ip=10 [0, 0, 10551319, 9, 1, 55] addr 3 1 3 [0, 0, 10551319, 10, 1, 55]
ip=11 [0, 0, 10551319, 10, 1, 55] seti 2 1 3 [0, 0, 10551319, 2, 1, 55]
ip=3 [0, 0, 10551319, 2, 1, 55] mulr 4 5 1 [0, 55, 10551319, 3, 1, 55]
ip=4 [0, 55, 10551319, 3, 1, 55] eqrr 1 2 1 [0, 0, 10551319, 4, 1, 55]
ip=5 [0, 0, 10551319, 4, 1, 55] addr 1 3 3 [0, 0, 10551319, 5, 1, 55]
ip=6 [0, 0, 10551319, 5, 1, 55] addi 3 1 3 [0, 0, 10551319, 7, 1, 55]
ip=8 [0, 0, 10551319, 7, 1, 55] addi 5 1 5 [0, 0, 10551319, 8, 1, 56]
ip=9 [0, 0, 10551319, 8, 1, 56] gtrr 5 2 1 [0, 0, 10551319, 9, 1, 56]
ip=10 [0, 0, 10551319, 9, 1, 56] addr 3 1 3 [0, 0, 10551319, 10, 1, 56]
ip=11 [0, 0, 10551319, 10, 1, 56] seti 2 1 3 [0, 0, 10551319, 2, 1, 56]
ip=3 [0, 0, 10551319, 2, 1, 56] mulr 4 5 1 [0, 56, 10551319, 3, 1, 56]
ip=4 [0, 56, 10551319, 3, 1, 56] eqrr 1 2 1 [0, 0, 10551319, 4, 1, 56]
ip=5 [0, 0, 10551319, 4, 1, 56] addr 1 3 3 [0, 0, 10551319, 5, 1, 56]
ip=6 [0, 0, 10551319, 5, 1, 56] addi 3 1 3 [0, 0, 10551319, 7, 1, 56]
ip=8 [0, 0, 10551319, 7, 1, 56] addi 5 1 5 [0, 0, 10551319, 8, 1, 57]
ip=9 [0, 0, 10551319, 8, 1, 57] gtrr 5 2 1 [0, 0, 10551319, 9, 1, 57]
ip=10 [0, 0, 10551319, 9, 1, 57] addr 3 1 3 [0, 0, 10551319, 10, 1, 57]
ip=11 [0, 0, 10551319, 10, 1, 57] seti 2 1 3 [0, 0, 10551319, 2, 1, 57]
ip=3 [0, 0, 10551319, 2, 1, 57] mulr 4 5 1 [0, 57, 10551319, 3, 1, 57]
ip=4 [0, 57, 10551319, 3, 1, 57] eqrr 1 2 1 [0, 0, 10551319, 4, 1, 57]
ip=5 [0, 0, 10551319, 4, 1, 57] addr 1 3 3 [0, 0, 10551319, 5, 1, 57]
ip=6 [0, 0, 10551319, 5, 1, 57] addi 3 1 3 [0, 0, 10551319, 7, 1, 57]
ip=8 [0, 0, 10551319, 7, 1, 57] addi 5 1 5 [0, 0, 10551319, 8, 1, 58]
ip=9 [0, 0, 10551319, 8, 1, 58] gtrr 5 2 1 [0, 0, 10551319, 9, 1, 58]
ip=10 [0, 0, 10551319, 9, 1, 58] addr 3 1 3 [0, 0, 10551319, 10, 1, 58]
ip=11 [0, 0, 10551319, 10, 1, 58] seti 2 1 3 [0, 0, 10551319, 2, 1, 58]
ip=3 [0, 0, 10551319, 2, 1, 58] mulr 4 5 1 [0, 58, 10551319, 3, 1, 58]
ip=4 [0, 58, 10551319, 3, 1, 58] eqrr 1 2 1 [0, 0, 10551319, 4, 1, 58]
ip=5 [0, 0, 10551319, 4, 1, 58] addr 1 3 3 [0, 0, 10551319, 5, 1, 58]
ip=6 [0, 0, 10551319, 5, 1, 58] addi 3 1 3 [0, 0, 10551319, 7, 1, 58]
ip=8 [0, 0, 10551319, 7, 1, 58] addi 5 1 5 [0, 0, 10551319, 8, 1, 59]
ip=9 [0, 0, 10551319, 8, 1, 59] gtrr 5 2 1 [0, 0, 10551319, 9, 1, 59]
ip=10 [0, 0, 10551319, 9, 1, 59] addr 3 1 3 [0, 0, 10551319, 10, 1, 59]
ip=11 [0, 0, 10551319, 10, 1, 59] seti 2 1 3 [0, 0, 10551319, 2, 1, 59]
ip=3 [0, 0, 10551319, 2, 1, 59] mulr 4 5 1 [0, 59, 10551319, 3, 1, 59]
ip=4 [0, 59, 10551319, 3, 1, 59] eqrr 1 2 1 [0, 0, 10551319, 4, 1, 59]
ip=5 [0, 0, 10551319, 4, 1, 59] addr 1 3 3 [0, 0, 10551319, 5, 1, 59]
ip=6 [0, 0, 10551319, 5, 1, 59] addi 3 1 3 [0, 0, 10551319, 7, 1, 59]
ip=8 [0, 0, 10551319, 7, 1, 59] addi 5 1 5 [0, 0, 10551319, 8, 1, 60]
ip=9 [0, 0, 10551319, 8, 1, 60] gtrr 5 2 1 [0, 0, 10551319, 9, 1, 60]
ip=10 [0, 0, 10551319, 9, 1, 60] addr 3 1 3 [0, 0, 10551319, 10, 1, 60]
ip=11 [0, 0, 10551319, 10, 1, 60] seti 2 1 3 [0, 0, 10551319, 2, 1, 60]
ip=3 [0, 0, 10551319, 2, 1, 60] mulr 4 5 1 [0, 60, 10551319, 3, 1, 60]
ip=4 [0, 60, 10551319, 3, 1, 60] eqrr 1 2 1 [0, 0, 10551319, 4, 1, 60]
ip=5 [0, 0, 10551319, 4, 1, 60] addr 1 3 3 [0, 0, 10551319, 5, 1, 60]
ip=6 [0, 0, 10551319, 5, 1, 60] addi 3 1 3 [0, 0, 10551319, 7, 1, 60]
ip=8 [0, 0, 10551319, 7, 1, 60] addi 5 1 5 [0, 0, 10551319, 8, 1, 61]
ip=9 [0, 0, 10551319, 8, 1, 61] gtrr 5 2 1 [0, 0, 10551319, 9, 1, 61]
ip=10 [0, 0, 10551319, 9, 1, 61] addr 3 1 3 [0, 0, 10551319, 10, 1, 61]
ip=11 [0, 0, 10551319, 10, 1, 61] seti 2 1 3 [0, 0, 10551319, 2, 1, 61]
ip=3 [0, 0, 10551319, 2, 1, 61] mulr 4 5 1 [0, 61, 10551319, 3, 1, 61]
ip=4 [0, 61, 10551319, 3, 1, 61] eqrr 1 2 1 [0, 0, 10551319, 4, 1, 61]
ip=5 [0, 0, 10551319, 4, 1, 61] addr 1 3 3 [0, 0, 10551319, 5, 1, 61]
ip=6 [0, 0, 10551319, 5, 1, 61] addi 3 1 3 [0, 0, 10551319, 7, 1, 61]
ip=8 [0, 0, 10551319, 7, 1, 61] addi 5 1 5 [0, 0, 10551319, 8, 1, 62]
ip=9 [0, 0, 10551319, 8, 1, 62] gtrr 5 2 1 [0, 0, 10551319, 9, 1, 62]
ip=10 [0, 0, 10551319, 9, 1, 62] addr 3 1 3 [0, 0, 10551319, 10, 1, 62]
ip=11 [0, 0, 10551319, 10, 1, 62] seti 2 1 3 [0, 0, 10551319, 2, 1, 62]
ip=3 [0, 0, 10551319, 2, 1, 62] mulr 4 5 1 [0, 62, 10551319, 3, 1, 62]
ip=4 [0, 62, 10551319, 3, 1, 62] eqrr 1 2 1 [0, 0, 10551319, 4, 1, 62]
ip=5 [0, 0, 10551319, 4, 1, 62] addr 1 3 3 [0, 0, 10551319, 5, 1, 62]
ip=6 [0, 0, 10551319, 5, 1, 62] addi 3 1 3 [0, 0, 10551319, 7, 1, 62]
ip=8 [0, 0, 10551319, 7, 1, 62] addi 5 1 5 [0, 0, 10551319, 8, 1, 63]
ip=9 [0, 0, 10551319, 8, 1, 63] gtrr 5 2 1 [0, 0, 10551319, 9, 1, 63]
ip=10 [0, 0, 10551319, 9, 1, 63] addr 3 1 3 [0, 0, 10551319, 10, 1, 63]
ip=11 [0, 0, 10551319, 10, 1, 63] seti 2 1 3 [0, 0, 10551319, 2, 1, 63]
ip=3 [0, 0, 10551319, 2, 1, 63] mulr 4 5 1 [0, 63, 10551319, 3, 1, 63]
ip=4 [0, 63, 10551319, 3, 1, 63] eqrr 1 2 1 [0, 0, 10551319, 4, 1, 63]
ip=5 [0, 0, 10551319, 4, 1, 63] addr 1 3 3 [0, 0, 10551319, 5, 1, 63]
ip=6 [0, 0, 10551319, 5, 1, 63] addi 3 1 3 [0, 0, 10551319, 7, 1, 63]
ip=8 [0, 0, 10551319, 7, 1, 63] addi 5 1 5 [0, 0, 10551319, 8, 1, 64]
ip=9 [0, 0, 10551319, 8, 1, 64] gtrr 5 2 1 [0, 0, 10551319, 9, 1, 64]
ip=10 [0, 0, 10551319, 9, 1, 64] addr 3 1 3 [0, 0, 10551319, 10, 1, 64]
ip=11 [0, 0, 10551319, 10, 1, 64] seti 2 1 3 [0, 0, 10551319, 2, 1, 64]
ip=3 [0, 0, 10551319, 2, 1, 64] mulr 4 5 1 [0, 64, 10551319, 3, 1, 64]
ip=4 [0, 64, 10551319, 3, 1, 64] eqrr 1 2 1 [0, 0, 10551319, 4, 1, 64]
ip=5 [0, 0, 10551319, 4, 1, 64] addr 1 3 3 [0, 0, 10551319, 5, 1, 64]
ip=6 [0, 0, 10551319, 5, 1, 64] addi 3 1 3 [0, 0, 10551319, 7, 1, 64]
ip=8 [0, 0, 10551319, 7, 1, 64] addi 5 1 5 [0, 0, 10551319, 8, 1, 65]
ip=9 [0, 0, 10551319, 8, 1, 65] gtrr 5 2 1 [0, 0, 10551319, 9, 1, 65]
ip=10 [0, 0, 10551319, 9, 1, 65] addr 3 1 3 [0, 0, 10551319, 10, 1, 65]
ip=11 [0, 0, 10551319, 10, 1, 65] seti 2 1 3 [0, 0, 10551319, 2, 1, 65]
ip=3 [0, 0, 10551319, 2, 1, 65] mulr 4 5 1 [0, 65, 10551319, 3, 1, 65]
ip=4 [0, 65, 10551319, 3, 1, 65] eqrr 1 2 1 [0, 0, 10551319, 4, 1, 65]
ip=5 [0, 0, 10551319, 4, 1, 65] addr 1 3 3 [0, 0, 10551319, 5, 1, 65]
ip=6 [0, 0, 10551319, 5, 1, 65] addi 3 1 3 [0, 0, 10551319, 7, 1, 65]
ip=8 [0, 0, 10551319, 7, 1, 65] addi 5 1 5 [0, 0, 10551319, 8, 1, 66]
ip=9 [0, 0, 10551319, 8, 1, 66] gtrr 5 2 1 [0, 0, 10551319, 9, 1, 66]
ip=10 [0, 0, 10551319, 9, 1, 66] addr 3 1 3 [0, 0, 10551319, 10, 1, 66]
ip=11 [0, 0, 10551319, 10, 1, 66] seti 2 1 3 [0, 0, 10551319, 2, 1, 66]
ip=3 [0, 0, 10551319, 2, 1, 66] mulr 4 5 1 [0, 66, 10551319, 3, 1, 66]
ip=4 [0, 66, 10551319, 3, 1, 66] eqrr 1 2 1 [0, 0, 10551319, 4, 1, 66]
ip=5 [0, 0, 10551319, 4, 1, 66] addr 1 3 3 [0, 0, 10551319, 5, 1, 66]
ip=6 [0, 0, 10551319, 5, 1, 66] addi 3 1 3 [0, 0, 10551319, 7, 1, 66]
ip=8 [0, 0, 10551319, 7, 1, 66] addi 5 1 5 [0, 0, 10551319, 8, 1, 67]
ip=9 [0, 0, 10551319, 8, 1, 67] gtrr 5 2 1 [0, 0, 10551319, 9, 1, 67]
ip=10 [0, 0, 10551319, 9, 1, 67] addr 3 1 3 [0, 0, 10551319, 10, 1, 67]
ip=11 [0, 0, 10551319, 10, 1, 67] seti 2 1 3 [0, 0, 10551319, 2, 1, 67]
ip=3 [0, 0, 10551319, 2, 1, 67] mulr 4 5 1 [0, 67, 10551319, 3, 1, 67]
ip=4 [0, 67, 10551319, 3, 1, 67] eqrr 1 2 1 [0, 0, 10551319, 4, 1, 67]
ip=5 [0, 0, 10551319, 4, 1, 67] addr 1 3 3 [0, 0, 10551319, 5, 1, 67]
ip=6 [0, 0, 10551319, 5, 1, 67] addi 3 1 3 [0, 0, 10551319, 7, 1, 67]
ip=8 [0, 0, 10551319, 7, 1, 67] addi 5 1 5 [0, 0, 10551319, 8, 1, 68]
ip=9 [0, 0, 10551319, 8, 1, 68] gtrr 5 2 1 [0, 0, 10551319, 9, 1, 68]
ip=10 [0, 0, 10551319, 9, 1, 68] addr 3 1 3 [0, 0, 10551319, 10, 1, 68]
ip=11 [0, 0, 10551319, 10, 1, 68] seti 2 1 3 [0, 0, 10551319, 2, 1, 68]
ip=3 [0, 0, 10551319, 2, 1, 68] mulr 4 5 1 [0, 68, 10551319, 3, 1, 68]
ip=4 [0, 68, 10551319, 3, 1, 68] eqrr 1 2 1 [0, 0, 10551319, 4, 1, 68]
ip=5 [0, 0, 10551319, 4, 1, 68] addr 1 3 3 [0, 0, 10551319, 5, 1, 68]
ip=6 [0, 0, 10551319, 5, 1, 68] addi 3 1 3 [0, 0, 10551319, 7, 1, 68]
ip=8 [0, 0, 10551319, 7, 1, 68] addi 5 1 5 [0, 0, 10551319, 8, 1, 69]
ip=9 [0, 0, 10551319, 8, 1, 69] gtrr 5 2 1 [0, 0, 10551319, 9, 1, 69]
ip=10 [0, 0, 10551319, 9, 1, 69] addr 3 1 3 [0, 0, 10551319, 10, 1, 69]
ip=11 [0, 0, 10551319, 10, 1, 69] seti 2 1 3 [0, 0, 10551319, 2, 1, 69]
ip=3 [0, 0, 10551319, 2, 1, 69] mulr 4 5 1 [0, 69, 10551319, 3, 1, 69]
ip=4 [0, 69, 10551319, 3, 1, 69] eqrr 1 2 1 [0, 0, 10551319, 4, 1, 69]
ip=5 [0, 0, 10551319, 4, 1, 69] addr 1 3 3 [0, 0, 10551319, 5, 1, 69]
ip=6 [0, 0, 10551319, 5, 1, 69] addi 3 1 3 [0, 0, 10551319, 7, 1, 69]
ip=8 [0, 0, 10551319, 7, 1, 69] addi 5 1 5 [0, 0, 10551319, 8, 1, 70]
ip=9 [0, 0, 10551319, 8, 1, 70] gtrr 5 2 1 [0, 0, 10551319, 9, 1, 70]
ip=10 [0, 0, 10551319, 9, 1, 70] addr 3 1 3 [0, 0, 10551319, 10, 1, 70]
ip=11 [0, 0, 10551319, 10, 1, 70] seti 2 1 3 [0, 0, 10551319, 2, 1, 70]
ip=3 [0, 0, 10551319, 2, 1, 70] mulr 4 5 1 [0, 70, 10551319, 3, 1, 70]
ip=4 [0, 70, 10551319, 3, 1, 70] eqrr 1 2 1 [0, 0, 10551319, 4, 1, 70]
ip=5 [0, 0, 10551319, 4, 1, 70] addr 1 3 3 [0, 0, 10551319, 5, 1, 70]
ip=6 [0, 0, 10551319, 5, 1, 70] addi 3 1 3 [0, 0, 10551319, 7, 1, 70]
ip=8 [0, 0, 10551319, 7, 1, 70] addi 5 1 5 [0, 0, 10551319, 8, 1, 71]
ip=9 [0, 0, 10551319, 8, 1, 71] gtrr 5 2 1 [0, 0, 10551319, 9, 1, 71]
ip=10 [0, 0, 10551319, 9, 1, 71] addr 3 1 3 [0, 0, 10551319, 10, 1, 71]
ip=11 [0, 0, 10551319, 10, 1, 71] seti 2 1 3 [0, 0, 10551319, 2, 1, 71]
ip=3 [0, 0, 10551319, 2, 1, 71] mulr 4 5 1 [0, 71, 10551319, 3, 1, 71]
ip=4 [0, 71, 10551319, 3, 1, 71] eqrr 1 2 1 [0, 0, 10551319, 4, 1, 71]
ip=5 [0, 0, 10551319, 4, 1, 71] addr 1 3 3 [0, 0, 10551319, 5, 1, 71]
ip=6 [0, 0, 10551319, 5, 1, 71] addi 3 1 3 [0, 0, 10551319, 7, 1, 71]
ip=8 [0, 0, 10551319, 7, 1, 71] addi 5 1 5 [0, 0, 10551319, 8, 1, 72]
ip=9 [0, 0, 10551319, 8, 1, 72] gtrr 5 2 1 [0, 0, 10551319, 9, 1, 72]
ip=10 [0, 0, 10551319, 9, 1, 72] addr 3 1 3 [0, 0, 10551319, 10, 1, 72]
ip=11 [0, 0, 10551319, 10, 1, 72] seti 2 1 3 [0, 0, 10551319, 2, 1, 72]
ip=3 [0, 0, 10551319, 2, 1, 72] mulr 4 5 1 [0, 72, 10551319, 3, 1, 72]
ip=4 [0, 72, 10551319, 3, 1, 72] eqrr 1 2 1 [0, 0, 10551319, 4, 1, 72]
ip=5 [0, 0, 10551319, 4, 1, 72] addr 1 3 3 [0, 0, 10551319, 5, 1, 72]
ip=6 [0, 0, 10551319, 5, 1, 72] addi 3 1 3 [0, 0, 10551319, 7, 1, 72]
ip=8 [0, 0, 10551319, 7, 1, 72] addi 5 1 5 [0, 0, 10551319, 8, 1, 73]
ip=9 [0, 0, 10551319, 8, 1, 73] gtrr 5 2 1 [0, 0, 10551319, 9, 1, 73]
ip=10 [0, 0, 10551319, 9, 1, 73] addr 3 1 3 [0, 0, 10551319, 10, 1, 73]
ip=11 [0, 0, 10551319, 10, 1, 73] seti 2 1 3 [0, 0, 10551319, 2, 1, 73]
ip=3 [0, 0, 10551319, 2, 1, 73] mulr 4 5 1 [0, 73, 10551319, 3, 1, 73]
ip=4 [0, 73, 10551319, 3, 1, 73] eqrr 1 2 1 [0, 0, 10551319, 4, 1, 73]
ip=5 [0, 0, 10551319, 4, 1, 73] addr 1 3 3 [0, 0, 10551319, 5, 1, 73]
ip=6 [0, 0, 10551319, 5, 1, 73] addi 3 1 3 [0, 0, 10551319, 7, 1, 73]
ip=8 [0, 0, 10551319, 7, 1, 73] addi 5 1 5 [0, 0, 10551319, 8, 1, 74]
ip=9 [0, 0, 10551319, 8, 1, 74] gtrr 5 2 1 [0, 0, 10551319, 9, 1, 74]
ip=10 [0, 0, 10551319, 9, 1, 74] addr 3 1 3 [0, 0, 10551319, 10, 1, 74]
ip=11 [0, 0, 10551319, 10, 1, 74] seti 2 1 3 [0, 0, 10551319, 2, 1, 74]
ip=3 [0, 0, 10551319, 2, 1, 74] mulr 4 5 1 [0, 74, 10551319, 3, 1, 74]
ip=4 [0, 74, 10551319, 3, 1, 74] eqrr 1 2 1 [0, 0, 10551319, 4, 1, 74]
ip=5 [0, 0, 10551319, 4, 1, 74] addr 1 3 3 [0, 0, 10551319, 5, 1, 74]
ip=6 [0, 0, 10551319, 5, 1, 74] addi 3 1 3 [0, 0, 10551319, 7, 1, 74]
ip=8 [0, 0, 10551319, 7, 1, 74] addi 5 1 5 [0, 0, 10551319, 8, 1, 75]
ip=9 [0, 0, 10551319, 8, 1, 75] gtrr 5 2 1 [0, 0, 10551319, 9, 1, 75]
ip=10 [0, 0, 10551319, 9, 1, 75] addr 3 1 3 [0, 0, 10551319, 10, 1, 75]
ip=11 [0, 0, 10551319, 10, 1, 75] seti 2 1 3 [0, 0, 10551319, 2, 1, 75]
ip=3 [0, 0, 10551319, 2, 1, 75] mulr 4 5 1 [0, 75, 10551319, 3, 1, 75]
ip=4 [0, 75, 10551319, 3, 1, 75] eqrr 1 2 1 [0, 0, 10551319, 4, 1, 75]
ip=5 [0, 0, 10551319, 4, 1, 75] addr 1 3 3 [0, 0, 10551319, 5, 1, 75]
ip=6 [0, 0, 10551319, 5, 1, 75] addi 3 1 3 [0, 0, 10551319, 7, 1, 75]
ip=8 [0, 0, 10551319, 7, 1, 75] addi 5 1 5 [0, 0, 10551319, 8, 1, 76]
ip=9 [0, 0, 10551319, 8, 1, 76] gtrr 5 2 1 [0, 0, 10551319, 9, 1, 76]
ip=10 [0, 0, 10551319, 9, 1, 76] addr 3 1 3 [0, 0, 10551319, 10, 1, 76]
ip=11 [0, 0, 10551319, 10, 1, 76] seti 2 1 3 [0, 0, 10551319, 2, 1, 76]
ip=3 [0, 0, 10551319, 2, 1, 76] mulr 4 5 1 [0, 76, 10551319, 3, 1, 76]
ip=4 [0, 76, 10551319, 3, 1, 76] eqrr 1 2 1 [0, 0, 10551319, 4, 1, 76]
ip=5 [0, 0, 10551319, 4, 1, 76] addr 1 3 3 [0, 0, 10551319, 5, 1, 76]
ip=6 [0, 0, 10551319, 5, 1, 76] addi 3 1 3 [0, 0, 10551319, 7, 1, 76]
ip=8 [0, 0, 10551319, 7, 1, 76] addi 5 1 5 [0, 0, 10551319, 8, 1, 77]
ip=9 [0, 0, 10551319, 8, 1, 77] gtrr 5 2 1 [0, 0, 10551319, 9, 1, 77]
ip=10 [0, 0, 10551319, 9, 1, 77] addr 3 1 3 [0, 0, 10551319, 10, 1, 77]
ip=11 [0, 0, 10551319, 10, 1, 77] seti 2 1 3 [0, 0, 10551319, 2, 1, 77]
ip=3 [0, 0, 10551319, 2, 1, 77] mulr 4 5 1 [0, 77, 10551319, 3, 1, 77]
ip=4 [0, 77, 10551319, 3, 1, 77] eqrr 1 2 1 [0, 0, 10551319, 4, 1, 77]
ip=5 [0, 0, 10551319, 4, 1, 77] addr 1 3 3 [0, 0, 10551319, 5, 1, 77]
ip=6 [0, 0, 10551319, 5, 1, 77] addi 3 1 3 [0, 0, 10551319, 7, 1, 77]
ip=8 [0, 0, 10551319, 7, 1, 77] addi 5 1 5 [0, 0, 10551319, 8, 1, 78]
ip=9 [0, 0, 10551319, 8, 1, 78] gtrr 5 2 1 [0, 0, 10551319, 9, 1, 78]
ip=10 [0, 0, 10551319, 9, 1, 78] addr 3 1 3 [0, 0, 10551319, 10, 1, 78]
ip=11 [0, 0, 10551319, 10, 1, 78] seti 2 1 3 [0, 0, 10551319, 2, 1, 78]
ip=3 [0, 0, 10551319, 2, 1, 78] mulr 4 5 1 [0, 78, 10551319, 3, 1, 78]
ip=4 [0, 78, 10551319, 3, 1, 78] eqrr 1 2 1 [0, 0, 10551319, 4, 1, 78]
ip=5 [0, 0, 10551319, 4, 1, 78] addr 1 3 3 [0, 0, 10551319, 5, 1, 78]
ip=6 [0, 0, 10551319, 5, 1, 78] addi 3 1 3 [0, 0, 10551319, 7, 1, 78]
ip=8 [0, 0, 10551319, 7, 1, 78] addi 5 1 5 [0, 0, 10551319, 8, 1, 79]
ip=9 [0, 0, 10551319, 8, 1, 79] gtrr 5 2 1 [0, 0, 10551319, 9, 1, 79]
ip=10 [0, 0, 10551319, 9, 1, 79] addr 3 1 3 [0, 0, 10551319, 10, 1, 79]
ip=11 [0, 0, 10551319, 10, 1, 79] seti 2 1 3 [0, 0, 10551319, 2, 1, 79]
ip=3 [0, 0, 10551319, 2, 1, 79] mulr 4 5 1 [0, 79, 10551319, 3, 1, 79]
ip=4 [0, 79, 10551319, 3, 1, 79] eqrr 1 2 1 [0, 0, 10551319, 4, 1, 79]
ip=5 [0, 0, 10551319, 4, 1, 79] addr 1 3 3 [0, 0, 10551319, 5, 1, 79]
ip=6 [0, 0, 10551319, 5, 1, 79] addi 3 1 3 [0, 0, 10551319, 7, 1, 79]
ip=8 [0, 0, 10551319, 7, 1, 79] addi 5 1 5 [0, 0, 10551319, 8, 1, 80]
ip=9 [0, 0, 10551319, 8, 1, 80] gtrr 5 2 1 [0, 0, 10551319, 9, 1, 80]
ip=10 [0, 0, 10551319, 9, 1, 80] addr 3 1 3 [0, 0, 10551319, 10, 1, 80]
ip=11 [0, 0, 10551319, 10, 1, 80] seti 2 1 3 [0, 0, 10551319, 2, 1, 80]
ip=3 [0, 0, 10551319, 2, 1, 80] mulr 4 5 1 [0, 80, 10551319, 3, 1, 80]
ip=4 [0, 80, 10551319, 3, 1, 80] eqrr 1 2 1 [0, 0, 10551319, 4, 1, 80]
ip=5 [0, 0, 10551319, 4, 1, 80] addr 1 3 3 [0, 0, 10551319, 5, 1, 80]
ip=6 [0, 0, 10551319, 5, 1, 80] addi 3 1 3 [0, 0, 10551319, 7, 1, 80]
ip=8 [0, 0, 10551319, 7, 1, 80] addi 5 1 5 [0, 0, 10551319, 8, 1, 81]
ip=9 [0, 0, 10551319, 8, 1, 81] gtrr 5 2 1 [0, 0, 10551319, 9, 1, 81]
ip=10 [0, 0, 10551319, 9, 1, 81] addr 3 1 3 [0, 0, 10551319, 10, 1, 81]
ip=11 [0, 0, 10551319, 10, 1, 81] seti 2 1 3 [0, 0, 10551319, 2, 1, 81]
ip=3 [0, 0, 10551319, 2, 1, 81] mulr 4 5 1 [0, 81, 10551319, 3, 1, 81]
ip=4 [0, 81, 10551319, 3, 1, 81] eqrr 1 2 1 [0, 0, 10551319, 4, 1, 81]
ip=5 [0, 0, 10551319, 4, 1, 81] addr 1 3 3 [0, 0, 10551319, 5, 1, 81]
ip=6 [0, 0, 10551319, 5, 1, 81] addi 3 1 3 [0, 0, 10551319, 7, 1, 81]
ip=8 [0, 0, 10551319, 7, 1, 81] addi 5 1 5 [0, 0, 10551319, 8, 1, 82]
ip=9 [0, 0, 10551319, 8, 1, 82] gtrr 5 2 1 [0, 0, 10551319, 9, 1, 82]
ip=10 [0, 0, 10551319, 9, 1, 82] addr 3 1 3 [0, 0, 10551319, 10, 1, 82]
ip=11 [0, 0, 10551319, 10, 1, 82] seti 2 1 3 [0, 0, 10551319, 2, 1, 82]
ip=3 [0, 0, 10551319, 2, 1, 82] mulr 4 5 1 [0, 82, 10551319, 3, 1, 82]
ip=4 [0, 82, 10551319, 3, 1, 82] eqrr 1 2 1 [0, 0, 10551319, 4, 1, 82]
ip=5 [0, 0, 10551319, 4, 1, 82] addr 1 3 3 [0, 0, 10551319, 5, 1, 82]
ip=6 [0, 0, 10551319, 5, 1, 82] addi 3 1 3 [0, 0, 10551319, 7, 1, 82]
ip=8 [0, 0, 10551319, 7, 1, 82] addi 5 1 5 [0, 0, 10551319, 8, 1, 83]
ip=9 [0, 0, 10551319, 8, 1, 83] gtrr 5 2 1 [0, 0, 10551319, 9, 1, 83]
ip=10 [0, 0, 10551319, 9, 1, 83] addr 3 1 3 [0, 0, 10551319, 10, 1, 83]
ip=11 [0, 0, 10551319, 10, 1, 83] seti 2 1 3 [0, 0, 10551319, 2, 1, 83]
ip=3 [0, 0, 10551319, 2, 1, 83] mulr 4 5 1 [0, 83, 10551319, 3, 1, 83]
ip=4 [0, 83, 10551319, 3, 1, 83] eqrr 1 2 1 [0, 0, 10551319, 4, 1, 83]
ip=5 [0, 0, 10551319, 4, 1, 83] addr 1 3 3 [0, 0, 10551319, 5, 1, 83]
ip=6 [0, 0, 10551319, 5, 1, 83] addi 3 1 3 [0, 0, 10551319, 7, 1, 83]
ip=8 [0, 0, 10551319, 7, 1, 83] addi 5 1 5 [0, 0, 10551319, 8, 1, 84]
ip=9 [0, 0, 10551319, 8, 1, 84] gtrr 5 2 1 [0, 0, 10551319, 9, 1, 84]
ip=10 [0, 0, 10551319, 9, 1, 84] addr 3 1 3 [0, 0, 10551319, 10, 1, 84]
ip=11 [0, 0, 10551319, 10, 1, 84] seti 2 1 3 [0, 0, 10551319, 2, 1, 84]
ip=3 [0, 0, 10551319, 2, 1, 84] mulr 4 5 1 [0, 84, 10551319, 3, 1, 84]
ip=4 [0, 84, 10551319, 3, 1, 84] eqrr 1 2 1 [0, 0, 10551319, 4, 1, 84]
ip=5 [0, 0, 10551319, 4, 1, 84] addr 1 3 3 [0, 0, 10551319, 5, 1, 84]
ip=6 [0, 0, 10551319, 5, 1, 84] addi 3 1 3 [0, 0, 10551319, 7, 1, 84]
ip=8 [0, 0, 10551319, 7, 1, 84] addi 5 1 5 [0, 0, 10551319, 8, 1, 85]
ip=9 [0, 0, 10551319, 8, 1, 85] gtrr 5 2 1 [0, 0, 10551319, 9, 1, 85]
ip=10 [0, 0, 10551319, 9, 1, 85] addr 3 1 3 [0, 0, 10551319, 10, 1, 85]
ip=11 [0, 0, 10551319, 10, 1, 85] seti 2 1 3 [0, 0, 10551319, 2, 1, 85]
ip=3 [0, 0, 10551319, 2, 1, 85] mulr 4 5 1 [0, 85, 10551319, 3, 1, 85]
ip=4 [0, 85, 10551319, 3, 1, 85] eqrr 1 2 1 [0, 0, 10551319, 4, 1, 85]
ip=5 [0, 0, 10551319, 4, 1, 85] addr 1 3 3 [0, 0, 10551319, 5, 1, 85]
ip=6 [0, 0, 10551319, 5, 1, 85] addi 3 1 3 [0, 0, 10551319, 7, 1, 85]
ip=8 [0, 0, 10551319, 7, 1, 85] addi 5 1 5 [0, 0, 10551319, 8, 1, 86]
ip=9 [0, 0, 10551319, 8, 1, 86] gtrr 5 2 1 [0, 0, 10551319, 9, 1, 86]
ip=10 [0, 0, 10551319, 9, 1, 86] addr 3 1 3 [0, 0, 10551319, 10, 1, 86]
ip=11 [0, 0, 10551319, 10, 1, 86] seti 2 1 3 [0, 0, 10551319, 2, 1, 86]
ip=3 [0, 0, 10551319, 2, 1, 86] mulr 4 5 1 [0, 86, 10551319, 3, 1, 86]
ip=4 [0, 86, 10551319, 3, 1, 86] eqrr 1 2 1 [0, 0, 10551319, 4, 1, 86]
ip=5 [0, 0, 10551319, 4, 1, 86] addr 1 3 3 [0, 0, 10551319, 5, 1, 86]
ip=6 [0, 0, 10551319, 5, 1, 86] addi 3 1 3 [0, 0, 10551319, 7, 1, 86]
ip=8 [0, 0, 10551319, 7, 1, 86] addi 5 1 5 [0, 0, 10551319, 8, 1, 87]
ip=9 [0, 0, 10551319, 8, 1, 87] gtrr 5 2 1 [0, 0, 10551319, 9, 1, 87]
ip=10 [0, 0, 10551319, 9, 1, 87] addr 3 1 3 [0, 0, 10551319, 10, 1, 87]
ip=11 [0, 0, 10551319, 10, 1, 87] seti 2 1 3 [0, 0, 10551319, 2, 1, 87]
ip=3 [0, 0, 10551319, 2, 1, 87] mulr 4 5 1 [0, 87, 10551319, 3, 1, 87]
ip=4 [0, 87, 10551319, 3, 1, 87] eqrr 1 2 1 [0, 0, 10551319, 4, 1, 87]
ip=5 [0, 0, 10551319, 4, 1, 87] addr 1 3 3 [0, 0, 10551319, 5, 1, 87]
ip=6 [0, 0, 10551319, 5, 1, 87] addi 3 1 3 [0, 0, 10551319, 7, 1, 87]
ip=8 [0, 0, 10551319, 7, 1, 87] addi 5 1 5 [0, 0, 10551319, 8, 1, 88]
ip=9 [0, 0, 10551319, 8, 1, 88] gtrr 5 2 1 [0, 0, 10551319, 9, 1, 88]
ip=10 [0, 0, 10551319, 9, 1, 88] addr 3 1 3 [0, 0, 10551319, 10, 1, 88]
ip=11 [0, 0, 10551319, 10, 1, 88] seti 2 1 3 [0, 0, 10551319, 2, 1, 88]
ip=3 [0, 0, 10551319, 2, 1, 88] mulr 4 5 1 [0, 88, 10551319, 3, 1, 88]
ip=4 [0, 88, 10551319, 3, 1, 88] eqrr 1 2 1 [0, 0, 10551319, 4, 1, 88]
ip=5 [0, 0, 10551319, 4, 1, 88] addr 1 3 3 [0, 0, 10551319, 5, 1, 88]
ip=6 [0, 0, 10551319, 5, 1, 88] addi 3 1 3 [0, 0, 10551319, 7, 1, 88]
ip=8 [0, 0, 10551319, 7, 1, 88] addi 5 1 5 [0, 0, 10551319, 8, 1, 89]
ip=9 [0, 0, 10551319, 8, 1, 89] gtrr 5 2 1 [0, 0, 10551319, 9, 1, 89]
ip=10 [0, 0, 10551319, 9, 1, 89] addr 3 1 3 [0, 0, 10551319, 10, 1, 89]
ip=11 [0, 0, 10551319, 10, 1, 89] seti 2 1 3 [0, 0, 10551319, 2, 1, 89]
ip=3 [0, 0, 10551319, 2, 1, 89] mulr 4 5 1 [0, 89, 10551319, 3, 1, 89]
ip=4 [0, 89, 10551319, 3, 1, 89] eqrr 1 2 1 [0, 0, 10551319, 4, 1, 89]
ip=5 [0, 0, 10551319, 4, 1, 89] addr 1 3 3 [0, 0, 10551319, 5, 1, 89]
ip=6 [0, 0, 10551319, 5, 1, 89] addi 3 1 3 [0, 0, 10551319, 7, 1, 89]
ip=8 [0, 0, 10551319, 7, 1, 89] addi 5 1 5 [0, 0, 10551319, 8, 1, 90]
ip=9 [0, 0, 10551319, 8, 1, 90] gtrr 5 2 1 [0, 0, 10551319, 9, 1, 90]
ip=10 [0, 0, 10551319, 9, 1, 90] addr 3 1 3 [0, 0, 10551319, 10, 1, 90]
ip=11 [0, 0, 10551319, 10, 1, 90] seti 2 1 3 [0, 0, 10551319, 2, 1, 90]
ip=3 [0, 0, 10551319, 2, 1, 90] mulr 4 5 1 [0, 90, 10551319, 3, 1, 90]
ip=4 [0, 90, 10551319, 3, 1, 90] eqrr 1 2 1 [0, 0, 10551319, 4, 1, 90]
ip=5 [0, 0, 10551319, 4, 1, 90] addr 1 3 3 [0, 0, 10551319, 5, 1, 90]
ip=6 [0, 0, 10551319, 5, 1, 90] addi 3 1 3 [0, 0, 10551319, 7, 1, 90]
ip=8 [0, 0, 10551319, 7, 1, 90] addi 5 1 5 [0, 0, 10551319, 8, 1, 91]
ip=9 [0, 0, 10551319, 8, 1, 91] gtrr 5 2 1 [0, 0, 10551319, 9, 1, 91]
ip=10 [0, 0, 10551319, 9, 1, 91] addr 3 1 3 [0, 0, 10551319, 10, 1, 91]
ip=11 [0, 0, 10551319, 10, 1, 91] seti 2 1 3 [0, 0, 10551319, 2, 1, 91]
ip=3 [0, 0, 10551319, 2, 1, 91] mulr 4 5 1 [0, 91, 10551319, 3, 1, 91]
ip=4 [0, 91, 10551319, 3, 1, 91] eqrr 1 2 1 [0, 0, 10551319, 4, 1, 91]
ip=5 [0, 0, 10551319, 4, 1, 91] addr 1 3 3 [0, 0, 10551319, 5, 1, 91]
ip=6 [0, 0, 10551319, 5, 1, 91] addi 3 1 3 [0, 0, 10551319, 7, 1, 91]
ip=8 [0, 0, 10551319, 7, 1, 91] addi 5 1 5 [0, 0, 10551319, 8, 1, 92]
ip=9 [0, 0, 10551319, 8, 1, 92] gtrr 5 2 1 [0, 0, 10551319, 9, 1, 92]
ip=10 [0, 0, 10551319, 9, 1, 92] addr 3 1 3 [0, 0, 10551319, 10, 1, 92]
ip=11 [0, 0, 10551319, 10, 1, 92] seti 2 1 3 [0, 0, 10551319, 2, 1, 92]
ip=3 [0, 0, 10551319, 2, 1, 92] mulr 4 5 1 [0, 92, 10551319, 3, 1, 92]
ip=4 [0, 92, 10551319, 3, 1, 92] eqrr 1 2 1 [0, 0, 10551319, 4, 1, 92]
ip=5 [0, 0, 10551319, 4, 1, 92] addr 1 3 3 [0, 0, 10551319, 5, 1, 92]
ip=6 [0, 0, 10551319, 5, 1, 92] addi 3 1 3 [0, 0, 10551319, 7, 1, 92]
ip=8 [0, 0, 10551319, 7, 1, 92] addi 5 1 5 [0, 0, 10551319, 8, 1, 93]
ip=9 [0, 0, 10551319, 8, 1, 93] gtrr 5 2 1 [0, 0, 10551319, 9, 1, 93]
ip=10 [0, 0, 10551319, 9, 1, 93] addr 3 1 3 [0, 0, 10551319, 10, 1, 93]
ip=11 [0, 0, 10551319, 10, 1, 93] seti 2 1 3 [0, 0, 10551319, 2, 1, 93]
ip=3 [0, 0, 10551319, 2, 1, 93] mulr 4 5 1 [0, 93, 10551319, 3, 1, 93]
ip=4 [0, 93, 10551319, 3, 1, 93] eqrr 1 2 1 [0, 0, 10551319, 4, 1, 93]
ip=5 [0, 0, 10551319, 4, 1, 93] addr 1 3 3 [0, 0, 10551319, 5, 1, 93]
ip=6 [0, 0, 10551319, 5, 1, 93] addi 3 1 3 [0, 0, 10551319, 7, 1, 93]
ip=8 [0, 0, 10551319, 7, 1, 93] addi 5 1 5 [0, 0, 10551319, 8, 1, 94]
ip=9 [0, 0, 10551319, 8, 1, 94] gtrr 5 2 1 [0, 0, 10551319, 9, 1, 94]
ip=10 [0, 0, 10551319, 9, 1, 94] addr 3 1 3 [0, 0, 10551319, 10, 1, 94]
ip=11 [0, 0, 10551319, 10, 1, 94] seti 2 1 3 [0, 0, 10551319, 2, 1, 94]
ip=3 [0, 0, 10551319, 2, 1, 94] mulr 4 5 1 [0, 94, 10551319, 3, 1, 94]
ip=4 [0, 94, 10551319, 3, 1, 94] eqrr 1 2 1 [0, 0, 10551319, 4, 1, 94]
ip=5 [0, 0, 10551319, 4, 1, 94] addr 1 3 3 [0, 0, 10551319, 5, 1, 94]
ip=6 [0, 0, 10551319, 5, 1, 94] addi 3 1 3 [0, 0, 10551319, 7, 1, 94]
ip=8 [0, 0, 10551319, 7, 1, 94] addi 5 1 5 [0, 0, 10551319, 8, 1, 95]
ip=9 [0, 0, 10551319, 8, 1, 95] gtrr 5 2 1 [0, 0, 10551319, 9, 1, 95]
ip=10 [0, 0, 10551319, 9, 1, 95] addr 3 1 3 [0, 0, 10551319, 10, 1, 95]
ip=11 [0, 0, 10551319, 10, 1, 95] seti 2 1 3 [0, 0, 10551319, 2, 1, 95]
ip=3 [0, 0, 10551319, 2, 1, 95] mulr 4 5 1 [0, 95, 10551319, 3, 1, 95]
ip=4 [0, 95, 10551319, 3, 1, 95] eqrr 1 2 1 [0, 0, 10551319, 4, 1, 95]
ip=5 [0, 0, 10551319, 4, 1, 95] addr 1 3 3 [0, 0, 10551319, 5, 1, 95]
ip=6 [0, 0, 10551319, 5, 1, 95] addi 3 1 3 [0, 0, 10551319, 7, 1, 95]
ip=8 [0, 0, 10551319, 7, 1, 95] addi 5 1 5 [0, 0, 10551319, 8, 1, 96]
ip=9 [0, 0, 10551319, 8, 1, 96] gtrr 5 2 1 [0, 0, 10551319, 9, 1, 96]
ip=10 [0, 0, 10551319, 9, 1, 96] addr 3 1 3 [0, 0, 10551319, 10, 1, 96]
ip=11 [0, 0, 10551319, 10, 1, 96] seti 2 1 3 [0, 0, 10551319, 2, 1, 96]
ip=3 [0, 0, 10551319, 2, 1, 96] mulr 4 5 1 [0, 96, 10551319, 3, 1, 96]
ip=4 [0, 96, 10551319, 3, 1, 96] eqrr 1 2 1 [0, 0, 10551319, 4, 1, 96]
ip=5 [0, 0, 10551319, 4, 1, 96] addr 1 3 3 [0, 0, 10551319, 5, 1, 96]
ip=6 [0, 0, 10551319, 5, 1, 96] addi 3 1 3 [0, 0, 10551319, 7, 1, 96]
ip=8 [0, 0, 10551319, 7, 1, 96] addi 5 1 5 [0, 0, 10551319, 8, 1, 97]
ip=9 [0, 0, 10551319, 8, 1, 97] gtrr 5 2 1 [0, 0, 10551319, 9, 1, 97]
ip=10 [0, 0, 10551319, 9, 1, 97] addr 3 1 3 [0, 0, 10551319, 10, 1, 97]
ip=11 [0, 0, 10551319, 10, 1, 97] seti 2 1 3 [0, 0, 10551319, 2, 1, 97]
ip=3 [0, 0, 10551319, 2, 1, 97] mulr 4 5 1 [0, 97, 10551319, 3, 1, 97]
ip=4 [0, 97, 10551319, 3, 1, 97] eqrr 1 2 1 [0, 0, 10551319, 4, 1, 97]
ip=5 [0, 0, 10551319, 4, 1, 97] addr 1 3 3 [0, 0, 10551319, 5, 1, 97]
ip=6 [0, 0, 10551319, 5, 1, 97] addi 3 1 3 [0, 0, 10551319, 7, 1, 97]
ip=8 [0, 0, 10551319, 7, 1, 97] addi 5 1 5 [0, 0, 10551319, 8, 1, 98]
ip=9 [0, 0, 10551319, 8, 1, 98] gtrr 5 2 1 [0, 0, 10551319, 9, 1, 98]
ip=10 [0, 0, 10551319, 9, 1, 98] addr 3 1 3 [0, 0, 10551319, 10, 1, 98]
ip=11 [0, 0, 10551319, 10, 1, 98] seti 2 1 3 [0, 0, 10551319, 2, 1, 98]
ip=3 [0, 0, 10551319, 2, 1, 98] mulr 4 5 1 [0, 98, 10551319, 3, 1, 98]
ip=4 [0, 98, 10551319, 3, 1, 98] eqrr 1 2 1 [0, 0, 10551319, 4, 1, 98]
ip=5 [0, 0, 10551319, 4, 1, 98] addr 1 3 3 [0, 0, 10551319, 5, 1, 98]
ip=6 [0, 0, 10551319, 5, 1, 98] addi 3 1 3 [0, 0, 10551319, 7, 1, 98]
ip=8 [0, 0, 10551319, 7, 1, 98] addi 5 1 5 [0, 0, 10551319, 8, 1, 99]
ip=9 [0, 0, 10551319, 8, 1, 99] gtrr 5 2 1 [0, 0, 10551319, 9, 1, 99]
ip=10 [0, 0, 10551319, 9, 1, 99] addr 3 1 3 [0, 0, 10551319, 10, 1, 99]
ip=11 [0, 0, 10551319, 10, 1, 99] seti 2 1 3 [0, 0, 10551319, 2, 1, 99]
ip=3 [0, 0, 10551319, 2, 1, 99] mulr 4 5 1 [0, 99, 10551319, 3, 1, 99]
ip=4 [0, 99, 10551319, 3, 1, 99] eqrr 1 2 1 [0, 0, 10551319, 4, 1, 99]
ip=5 [0, 0, 10551319, 4, 1, 99] addr 1 3 3 [0, 0, 10551319, 5, 1, 99]
ip=6 [0, 0, 10551319, 5, 1, 99] addi 3 1 3 [0, 0, 10551319, 7, 1, 99]
ip=8 [0, 0, 10551319, 7, 1, 99] addi 5 1 5 [0, 0, 10551319, 8, 1, 100]
ip=9 [0, 0, 10551319, 8, 1, 100] gtrr 5 2 1 [0, 0, 10551319, 9, 1, 100]
ip=10 [0, 0, 10551319, 9, 1, 100] addr 3 1 3 [0, 0, 10551319, 10, 1, 100]
ip=11 [0, 0, 10551319, 10, 1, 100] seti 2 1 3 [0, 0, 10551319, 2, 1, 100]
ip=3 [0, 0, 10551319, 2, 1, 100] mulr 4 5 1 [0, 100, 10551319, 3, 1, 100]
ip=4 [0, 100, 10551319, 3, 1, 100] eqrr 1 2 1 [0, 0, 10551319, 4, 1, 100]
ip=5 [0, 0, 10551319, 4, 1, 100] addr 1 3 3 [0, 0, 10551319, 5, 1, 100]
ip=6 [0, 0, 10551319, 5, 1, 100] addi 3 1 3 [0, 0, 10551319, 7, 1, 100]
ip=8 [0, 0, 10551319, 7, 1, 100] addi 5 1 5 [0, 0, 10551319, 8, 1, 101]
ip=9 [0, 0, 10551319, 8, 1, 101] gtrr 5 2 1 [0, 0, 10551319, 9, 1, 101]
ip=10 [0, 0, 10551319, 9, 1, 101] addr 3 1 3 [0, 0, 10551319, 10, 1, 101]
ip=11 [0, 0, 10551319, 10, 1, 101] seti 2 1 3 [0, 0, 10551319, 2, 1, 101]
ip=3 [0, 0, 10551319, 2, 1, 101] mulr 4 5 1 [0, 101, 10551319, 3, 1, 101]
ip=4 [0, 101, 10551319, 3, 1, 101] eqrr 1 2 1 [0, 0, 10551319, 4, 1, 101]
ip=5 [0, 0, 10551319, 4, 1, 101] addr 1 3 3 [0, 0, 10551319, 5, 1, 101]
ip=6 [0, 0, 10551319, 5, 1, 101] addi 3 1 3 [0, 0, 10551319, 7, 1, 101]
ip=8 [0, 0, 10551319, 7, 1, 101] addi 5 1 5 [0, 0, 10551319, 8, 1, 102]
ip=9 [0, 0, 10551319, 8, 1, 102] gtrr 5 2 1 [0, 0, 10551319, 9, 1, 102]
ip=10 [0, 0, 10551319, 9, 1, 102] addr 3 1 3 [0, 0, 10551319, 10, 1, 102]
ip=11 [0, 0, 10551319, 10, 1, 102] seti 2 1 3 [0, 0, 10551319, 2, 1, 102]
ip=3 [0, 0, 10551319, 2, 1, 102] mulr 4 5 1 [0, 102, 10551319, 3, 1, 102]
ip=4 [0, 102, 10551319, 3, 1, 102] eqrr 1 2 1 [0, 0, 10551319, 4, 1, 102]
ip=5 [0, 0, 10551319, 4, 1, 102] addr 1 3 3 [0, 0, 10551319, 5, 1, 102]
ip=6 [0, 0, 10551319, 5, 1, 102] addi 3 1 3 [0, 0, 10551319, 7, 1, 102]
ip=8 [0, 0, 10551319, 7, 1, 102] addi 5 1 5 [0, 0, 10551319, 8, 1, 103]
ip=9 [0, 0, 10551319, 8, 1, 103] gtrr 5 2 1 [0, 0, 10551319, 9, 1, 103]
ip=10 [0, 0, 10551319, 9, 1, 103] addr 3 1 3 [0, 0, 10551319, 10, 1, 103]
ip=11 [0, 0, 10551319, 10, 1, 103] seti 2 1 3 [0, 0, 10551319, 2, 1, 103]
ip=3 [0, 0, 10551319, 2, 1, 103] mulr 4 5 1 [0, 103, 10551319, 3, 1, 103]
ip=4 [0, 103, 10551319, 3, 1, 103] eqrr 1 2 1 [0, 0, 10551319, 4, 1, 103]
ip=5 [0, 0, 10551319, 4, 1, 103] addr 1 3 3 [0, 0, 10551319, 5, 1, 103]
ip=6 [0, 0, 10551319, 5, 1, 103] addi 3 1 3 [0, 0, 10551319, 7, 1, 103]
ip=8 [0, 0, 10551319, 7, 1, 103] addi 5 1 5 [0, 0, 10551319, 8, 1, 104]
ip=9 [0, 0, 10551319, 8, 1, 104] gtrr 5 2 1 [0, 0, 10551319, 9, 1, 104]
ip=10 [0, 0, 10551319, 9, 1, 104] addr 3 1 3 [0, 0, 10551319, 10, 1, 104]
ip=11 [0, 0, 10551319, 10, 1, 104] seti 2 1 3 [0, 0, 10551319, 2, 1, 104]
ip=3 [0, 0, 10551319, 2, 1, 104] mulr 4 5 1 [0, 104, 10551319, 3, 1, 104]
ip=4 [0, 104, 10551319, 3, 1, 104] eqrr 1 2 1 [0, 0, 10551319, 4, 1, 104]
ip=5 [0, 0, 10551319, 4, 1, 104] addr 1 3 3 [0, 0, 10551319, 5, 1, 104]
ip=6 [0, 0, 10551319, 5, 1, 104] addi 3 1 3 [0, 0, 10551319, 7, 1, 104]
ip=8 [0, 0, 10551319, 7, 1, 104] addi 5 1 5 [0, 0, 10551319, 8, 1, 105]
ip=9 [0, 0, 10551319, 8, 1, 105] gtrr 5 2 1 [0, 0, 10551319, 9, 1, 105]
ip=10 [0, 0, 10551319, 9, 1, 105] addr 3 1 3 [0, 0, 10551319, 10, 1, 105]
ip=11 [0, 0, 10551319, 10, 1, 105] seti 2 1 3 [0, 0, 10551319, 2, 1, 105]
ip=3 [0, 0, 10551319, 2, 1, 105] mulr 4 5 1 [0, 105, 10551319, 3, 1, 105]
ip=4 [0, 105, 10551319, 3, 1, 105] eqrr 1 2 1 [0, 0, 10551319, 4, 1, 105]
ip=5 [0, 0, 10551319, 4, 1, 105] addr 1 3 3 [0, 0, 10551319, 5, 1, 105]
ip=6 [0, 0, 10551319, 5, 1, 105] addi 3 1 3 [0, 0, 10551319, 7, 1, 105]
ip=8 [0, 0, 10551319, 7, 1, 105] addi 5 1 5 [0, 0, 10551319, 8, 1, 106]
ip=9 [0, 0, 10551319, 8, 1, 106] gtrr 5 2 1 [0, 0, 10551319, 9, 1, 106]
ip=10 [0, 0, 10551319, 9, 1, 106] addr 3 1 3 [0, 0, 10551319, 10, 1, 106]
ip=11 [0, 0, 10551319, 10, 1, 106] seti 2 1 3 [0, 0, 10551319, 2, 1, 106]
ip=3 [0, 0, 10551319, 2, 1, 106] mulr 4 5 1 [0, 106, 10551319, 3, 1, 106]
ip=4 [0, 106, 10551319, 3, 1, 106] eqrr 1 2 1 [0, 0, 10551319, 4, 1, 106]
ip=5 [0, 0, 10551319, 4, 1, 106] addr 1 3 3 [0, 0, 10551319, 5, 1, 106]
ip=6 [0, 0, 10551319, 5, 1, 106] addi 3 1 3 [0, 0, 10551319, 7, 1, 106]
ip=8 [0, 0, 10551319, 7, 1, 106] addi 5 1 5 [0, 0, 10551319, 8, 1, 107]
ip=9 [0, 0, 10551319, 8, 1, 107] gtrr 5 2 1 [0, 0, 10551319, 9, 1, 107]
ip=10 [0, 0, 10551319, 9, 1, 107] addr 3 1 3 [0, 0, 10551319, 10, 1, 107]
ip=11 [0, 0, 10551319, 10, 1, 107] seti 2 1 3 [0, 0, 10551319, 2, 1, 107]
ip=3 [0, 0, 10551319, 2, 1, 107] mulr 4 5 1 [0, 107, 10551319, 3, 1, 107]
ip=4 [0, 107, 10551319, 3, 1, 107] eqrr 1 2 1 [0, 0, 10551319, 4, 1, 107]
ip=5 [0, 0, 10551319, 4, 1, 107] addr 1 3 3 [0, 0, 10551319, 5, 1, 107]
ip=6 [0, 0, 10551319, 5, 1, 107] addi 3 1 3 [0, 0, 10551319, 7, 1, 107]
ip=8 [0, 0, 10551319, 7, 1, 107] addi 5 1 5 [0, 0, 10551319, 8, 1, 108]
ip=9 [0, 0, 10551319, 8, 1, 108] gtrr 5 2 1 [0, 0, 10551319, 9, 1, 108]
ip=10 [0, 0, 10551319, 9, 1, 108] addr 3 1 3 [0, 0, 10551319, 10, 1, 108]
ip=11 [0, 0, 10551319, 10, 1, 108] seti 2 1 3 [0, 0, 10551319, 2, 1, 108]
ip=3 [0, 0, 10551319, 2, 1, 108] mulr 4 5 1 [0, 108, 10551319, 3, 1, 108]
ip=4 [0, 108, 10551319, 3, 1, 108] eqrr 1 2 1 [0, 0, 10551319, 4, 1, 108]
ip=5 [0, 0, 10551319, 4, 1, 108] addr 1 3 3 [0, 0, 10551319, 5, 1, 108]
ip=6 [0, 0, 10551319, 5, 1, 108] addi 3 1 3 [0, 0, 10551319, 7, 1, 108]
ip=8 [0, 0, 10551319, 7, 1, 108] addi 5 1 5 [0, 0, 10551319, 8, 1, 109]
ip=9 [0, 0, 10551319, 8, 1, 109] gtrr 5 2 1 [0, 0, 10551319, 9, 1, 109]
ip=10 [0, 0, 10551319, 9, 1, 109] addr 3 1 3 [0, 0, 10551319, 10, 1, 109]
ip=11 [0, 0, 10551319, 10, 1, 109] seti 2 1 3 [0, 0, 10551319, 2, 1, 109]
ip=3 [0, 0, 10551319, 2, 1, 109] mulr 4 5 1 [0, 109, 10551319, 3, 1, 109]
ip=4 [0, 109, 10551319, 3, 1, 109] eqrr 1 2 1 [0, 0, 10551319, 4, 1, 109]
ip=5 [0, 0, 10551319, 4, 1, 109] addr 1 3 3 [0, 0, 10551319, 5, 1, 109]
ip=6 [0, 0, 10551319, 5, 1, 109] addi 3 1 3 [0, 0, 10551319, 7, 1, 109]
ip=8 [0, 0, 10551319, 7, 1, 109] addi 5 1 5 [0, 0, 10551319, 8, 1, 110]
ip=9 [0, 0, 10551319, 8, 1, 110] gtrr 5 2 1 [0, 0, 10551319, 9, 1, 110]
ip=10 [0, 0, 10551319, 9, 1, 110] addr 3 1 3 [0, 0, 10551319, 10, 1, 110]
ip=11 [0, 0, 10551319, 10, 1, 110] seti 2 1 3 [0, 0, 10551319, 2, 1, 110]
ip=3 [0, 0, 10551319, 2, 1, 110] mulr 4 5 1 [0, 110, 10551319, 3, 1, 110]
ip=4 [0, 110, 10551319, 3, 1, 110] eqrr 1 2 1 [0, 0, 10551319, 4, 1, 110]
ip=5 [0, 0, 10551319, 4, 1, 110] addr 1 3 3 [0, 0, 10551319, 5, 1, 110]
ip=6 [0, 0, 10551319, 5, 1, 110] addi 3 1 3 [0, 0, 10551319, 7, 1, 110]
ip=8 [0, 0, 10551319, 7, 1, 110] addi 5 1 5 [0, 0, 10551319, 8, 1, 111]
ip=9 [0, 0, 10551319, 8, 1, 111] gtrr 5 2 1 [0, 0, 10551319, 9, 1, 111]
ip=10 [0, 0, 10551319, 9, 1, 111] addr 3 1 3 [0, 0, 10551319, 10, 1, 111]
ip=11 [0, 0, 10551319, 10, 1, 111] seti 2 1 3 [0, 0, 10551319, 2, 1, 111]
ip=3 [0, 0, 10551319, 2, 1, 111] mulr 4 5 1 [0, 111, 10551319, 3, 1, 111]
ip=4 [0, 111, 10551319, 3, 1, 111] eqrr 1 2 1 [0, 0, 10551319, 4, 1, 111]
ip=5 [0, 0, 10551319, 4, 1, 111] addr 1 3 3 [0, 0, 10551319, 5, 1, 111]
ip=6 [0, 0, 10551319, 5, 1, 111] addi 3 1 3 [0, 0, 10551319, 7, 1, 111]
ip=8 [0, 0, 10551319, 7, 1, 111] addi 5 1 5 [0, 0, 10551319, 8, 1, 112]
ip=9 [0, 0, 10551319, 8, 1, 112] gtrr 5 2 1 [0, 0, 10551319, 9, 1, 112]
ip=10 [0, 0, 10551319, 9, 1, 112] addr 3 1 3 [0, 0, 10551319, 10, 1, 112]
ip=11 [0, 0, 10551319, 10, 1, 112] seti 2 1 3 [0, 0, 10551319, 2, 1, 112]
ip=3 [0, 0, 10551319, 2, 1, 112] mulr 4 5 1 [0, 112, 10551319, 3, 1, 112]
ip=4 [0, 112, 10551319, 3, 1, 112] eqrr 1 2 1 [0, 0, 10551319, 4, 1, 112]
ip=5 [0, 0, 10551319, 4, 1, 112] addr 1 3 3 [0, 0, 10551319, 5, 1, 112]
ip=6 [0, 0, 10551319, 5, 1, 112] addi 3 1 3 [0, 0, 10551319, 7, 1, 112]
ip=8 [0, 0, 10551319, 7, 1, 112] addi 5 1 5 [0, 0, 10551319, 8, 1, 113]
ip=9 [0, 0, 10551319, 8, 1, 113] gtrr 5 2 1 [0, 0, 10551319, 9, 1, 113]
ip=10 [0, 0, 10551319, 9, 1, 113] addr 3 1 3 [0, 0, 10551319, 10, 1, 113]
ip=11 [0, 0, 10551319, 10, 1, 113] seti 2 1 3 [0, 0, 10551319, 2, 1, 113]
ip=3 [0, 0, 10551319, 2, 1, 113] mulr 4 5 1 [0, 113, 10551319, 3, 1, 113]
ip=4 [0, 113, 10551319, 3, 1, 113] eqrr 1 2 1 [0, 0, 10551319, 4, 1, 113]
ip=5 [0, 0, 10551319, 4, 1, 113] addr 1 3 3 [0, 0, 10551319, 5, 1, 113]
ip=6 [0, 0, 10551319, 5, 1, 113] addi 3 1 3 [0, 0, 10551319, 7, 1, 113]
ip=8 [0, 0, 10551319, 7, 1, 113] addi 5 1 5 [0, 0, 10551319, 8, 1, 114]
ip=9 [0, 0, 10551319, 8, 1, 114] gtrr 5 2 1 [0, 0, 10551319, 9, 1, 114]
ip=10 [0, 0, 10551319, 9, 1, 114] addr 3 1 3 [0, 0, 10551319, 10, 1, 114]
ip=11 [0, 0, 10551319, 10, 1, 114] seti 2 1 3 [0, 0, 10551319, 2, 1, 114]
ip=3 [0, 0, 10551319, 2, 1, 114] mulr 4 5 1 [0, 114, 10551319, 3, 1, 114]
ip=4 [0, 114, 10551319, 3, 1, 114] eqrr 1 2 1 [0, 0, 10551319, 4, 1, 114]
ip=5 [0, 0, 10551319, 4, 1, 114] addr 1 3 3 [0, 0, 10551319, 5, 1, 114]
ip=6 [0, 0, 10551319, 5, 1, 114] addi 3 1 3 [0, 0, 10551319, 7, 1, 114]
ip=8 [0, 0, 10551319, 7, 1, 114] addi 5 1 5 [0, 0, 10551319, 8, 1, 115]
ip=9 [0, 0, 10551319, 8, 1, 115] gtrr 5 2 1 [0, 0, 10551319, 9, 1, 115]
ip=10 [0, 0, 10551319, 9, 1, 115] addr 3 1 3 [0, 0, 10551319, 10, 1, 115]
ip=11 [0, 0, 10551319, 10, 1, 115] seti 2 1 3 [0, 0, 10551319, 2, 1, 115]
ip=3 [0, 0, 10551319, 2, 1, 115] mulr 4 5 1 [0, 115, 10551319, 3, 1, 115]
ip=4 [0, 115, 10551319, 3, 1, 115] eqrr 1 2 1 [0, 0, 10551319, 4, 1, 115]
ip=5 [0, 0, 10551319, 4, 1, 115] addr 1 3 3 [0, 0, 10551319, 5, 1, 115]
ip=6 [0, 0, 10551319, 5, 1, 115] addi 3 1 3 [0, 0, 10551319, 7, 1, 115]
ip=8 [0, 0, 10551319, 7, 1, 115] addi 5 1 5 [0, 0, 10551319, 8, 1, 116]
ip=9 [0, 0, 10551319, 8, 1, 116] gtrr 5 2 1 [0, 0, 10551319, 9, 1, 116]
ip=10 [0, 0, 10551319, 9, 1, 116] addr 3 1 3 [0, 0, 10551319, 10, 1, 116]
ip=11 [0, 0, 10551319, 10, 1, 116] seti 2 1 3 [0, 0, 10551319, 2, 1, 116]
ip=3 [0, 0, 10551319, 2, 1, 116] mulr 4 5 1 [0, 116, 10551319, 3, 1, 116]
ip=4 [0, 116, 10551319, 3, 1, 116] eqrr 1 2 1 [0, 0, 10551319, 4, 1, 116]
ip=5 [0, 0, 10551319, 4, 1, 116] addr 1 3 3 [0, 0, 10551319, 5, 1, 116]
ip=6 [0, 0, 10551319, 5, 1, 116] addi 3 1 3 [0, 0, 10551319, 7, 1, 116]
ip=8 [0, 0, 10551319, 7, 1, 116] addi 5 1 5 [0, 0, 10551319, 8, 1, 117]
ip=9 [0, 0, 10551319, 8, 1, 117] gtrr 5 2 1 [0, 0, 10551319, 9, 1, 117]
ip=10 [0, 0, 10551319, 9, 1, 117] addr 3 1 3 [0, 0, 10551319, 10, 1, 117]
ip=11 [0, 0, 10551319, 10, 1, 117] seti 2 1 3 [0, 0, 10551319, 2, 1, 117]
ip=3 [0, 0, 10551319, 2, 1, 117] mulr 4 5 1 [0, 117, 10551319, 3, 1, 117]
ip=4 [0, 117, 10551319, 3, 1, 117] eqrr 1 2 1 [0, 0, 10551319, 4, 1, 117]
ip=5 [0, 0, 10551319, 4, 1, 117] addr 1 3 3 [0, 0, 10551319, 5, 1, 117]
ip=6 [0, 0, 10551319, 5, 1, 117] addi 3 1 3 [0, 0, 10551319, 7, 1, 117]
ip=8 [0, 0, 10551319, 7, 1, 117] addi 5 1 5 [0, 0, 10551319, 8, 1, 118]
ip=9 [0, 0, 10551319, 8, 1, 118] gtrr 5 2 1 [0, 0, 10551319, 9, 1, 118]
ip=10 [0, 0, 10551319, 9, 1, 118] addr 3 1 3 [0, 0, 10551319, 10, 1, 118]
ip=11 [0, 0, 10551319, 10, 1, 118] seti 2 1 3 [0, 0, 10551319, 2, 1, 118]
ip=3 [0, 0, 10551319, 2, 1, 118] mulr 4 5 1 [0, 118, 10551319, 3, 1, 118]
ip=4 [0, 118, 10551319, 3, 1, 118] eqrr 1 2 1 [0, 0, 10551319, 4, 1, 118]
ip=5 [0, 0, 10551319, 4, 1, 118] addr 1 3 3 [0, 0, 10551319, 5, 1, 118]
ip=6 [0, 0, 10551319, 5, 1, 118] addi 3 1 3 [0, 0, 10551319, 7, 1, 118]
ip=8 [0, 0, 10551319, 7, 1, 118] addi 5 1 5 [0, 0, 10551319, 8, 1, 119]
ip=9 [0, 0, 10551319, 8, 1, 119] gtrr 5 2 1 [0, 0, 10551319, 9, 1, 119]
ip=10 [0, 0, 10551319, 9, 1, 119] addr 3 1 3 [0, 0, 10551319, 10, 1, 119]
ip=11 [0, 0, 10551319, 10, 1, 119] seti 2 1 3 [0, 0, 10551319, 2, 1, 119]
ip=3 [0, 0, 10551319, 2, 1, 119] mulr 4 5 1 [0, 119, 10551319, 3, 1, 119]
ip=4 [0, 119, 10551319, 3, 1, 119] eqrr 1 2 1 [0, 0, 10551319, 4, 1, 119]
ip=5 [0, 0, 10551319, 4, 1, 119] addr 1 3 3 [0, 0, 10551319, 5, 1, 119]
ip=6 [0, 0, 10551319, 5, 1, 119] addi 3 1 3 [0, 0, 10551319, 7, 1, 119]
ip=8 [0, 0, 10551319, 7, 1, 119] addi 5 1 5 [0, 0, 10551319, 8, 1, 120]
ip=9 [0, 0, 10551319, 8, 1, 120] gtrr 5 2 1 [0, 0, 10551319, 9, 1, 120]
ip=10 [0, 0, 10551319, 9, 1, 120] addr 3 1 3 [0, 0, 10551319, 10, 1, 120]
ip=11 [0, 0, 10551319, 10, 1, 120] seti 2 1 3 [0, 0, 10551319, 2, 1, 120]
ip=3 [0, 0, 10551319, 2, 1, 120] mulr 4 5 1 [0, 120, 10551319, 3, 1, 120]
ip=4 [0, 120, 10551319, 3, 1, 120] eqrr 1 2 1 [0, 0, 10551319, 4, 1, 120]
ip=5 [0, 0, 10551319, 4, 1, 120] addr 1 3 3 [0, 0, 10551319, 5, 1, 120]
ip=6 [0, 0, 10551319, 5, 1, 120] addi 3 1 3 [0, 0, 10551319, 7, 1, 120]
ip=8 [0, 0, 10551319, 7, 1, 120] addi 5 1 5 [0, 0, 10551319, 8, 1, 121]
ip=9 [0, 0, 10551319, 8, 1, 121] gtrr 5 2 1 [0, 0, 10551319, 9, 1, 121]
ip=10 [0, 0, 10551319, 9, 1, 121] addr 3 1 3 [0, 0, 10551319, 10, 1, 121]
ip=11 [0, 0, 10551319, 10, 1, 121] seti 2 1 3 [0, 0, 10551319, 2, 1, 121]
ip=3 [0, 0, 10551319, 2, 1, 121] mulr 4 5 1 [0, 121, 10551319, 3, 1, 121]
ip=4 [0, 121, 10551319, 3, 1, 121] eqrr 1 2 1 [0, 0, 10551319, 4, 1, 121]
ip=5 [0, 0, 10551319, 4, 1, 121] addr 1 3 3 [0, 0, 10551319, 5, 1, 121]
ip=6 [0, 0, 10551319, 5, 1, 121] addi 3 1 3 [0, 0, 10551319, 7, 1, 121]
ip=8 [0, 0, 10551319, 7, 1, 121] addi 5 1 5 [0, 0, 10551319, 8, 1, 122]
ip=9 [0, 0, 10551319, 8, 1, 122] gtrr 5 2 1 [0, 0, 10551319, 9, 1, 122]
ip=10 [0, 0, 10551319, 9, 1, 122] addr 3 1 3 [0, 0, 10551319, 10, 1, 122]
ip=11 [0, 0, 10551319, 10, 1, 122] seti 2 1 3 [0, 0, 10551319, 2, 1, 122]
ip=3 [0, 0, 10551319, 2, 1, 122] mulr 4 5 1 [0, 122, 10551319, 3, 1, 122]
ip=4 [0, 122, 10551319, 3, 1, 122] eqrr 1 2 1 [0, 0, 10551319, 4, 1, 122]
ip=5 [0, 0, 10551319, 4, 1, 122] addr 1 3 3 [0, 0, 10551319, 5, 1, 122]
ip=6 [0, 0, 10551319, 5, 1, 122] addi 3 1 3 [0, 0, 10551319, 7, 1, 122]
ip=8 [0, 0, 10551319, 7, 1, 122] addi 5 1 5 [0, 0, 10551319, 8, 1, 123]
ip=9 [0, 0, 10551319, 8, 1, 123] gtrr 5 2 1 [0, 0, 10551319, 9, 1, 123]
ip=10 [0, 0, 10551319, 9, 1, 123] addr 3 1 3 [0, 0, 10551319, 10, 1, 123]
ip=11 [0, 0, 10551319, 10, 1, 123] seti 2 1 3 [0, 0, 10551319, 2, 1, 123]
ip=3 [0, 0, 10551319, 2, 1, 123] mulr 4 5 1 [0, 123, 10551319, 3, 1, 123]
ip=4 [0, 123, 10551319, 3, 1, 123] eqrr 1 2 1 [0, 0, 10551319, 4, 1, 123]
ip=5 [0, 0, 10551319, 4, 1, 123] addr 1 3 3 [0, 0, 10551319, 5, 1, 123]
The solution for part two is 0
